        0.114773 1.825573971002 1.544939697738
        0.115104 1.834917760999 1.540707017397
        0.115436 1.844150125032 1.536395315341
        0.115768 1.853269960426 1.532007489752
        0.116102 1.862276235144 1.527546463335
        0.116437 1.871167988138 1.523015181516
        0.116772 1.879944329622 1.518416610678
        0.117109 1.888604441294 1.513753736415
        0.117446 1.897147576491 1.509029561829
        0.117785 1.905573060286 1.504247105852
        0.118124 1.913880289538 1.499409401619
        0.118465 1.922068732885 1.494519494878
        0.118806 1.930137930694 1.489580442441
        0.119149 1.938087494976 1.484595310694
        0.119492 1.945917109253 1.479567174145
        0.119837 1.953626528399 1.474499114032
        0.120182 1.961215578449 1.469394216985
        0.120529 1.968684156392 1.464255573737
        0.120876 1.976032229934 1.4590862779
        0.121224 1.983259837255 1.453889424793
        0.121574 1.990367086756 1.448668110332
        0.121924 1.997354156801 1.443425429982
        0.122276 2.004221295459 1.438164477759
        0.122628 2.010968820256 1.432888345302
        0.122982 2.017597117942 1.427600121
        0.123336 2.024106644261 1.422302889175
        0.123692 2.030497923767 1.41699972933
        0.124048 2.036771549645 1.411693715449
        0.124406 2.042928183584 1.406387915352
        0.124764 2.048968555679 1.401085390105
        0.125124 2.054893464384 1.395789193483
        0.125484 2.060703776516 1.390502371484
        0.125846 2.06640042731 1.385227961882
        0.126209 2.071984420544 1.379968993834
        0.126573 2.077456828728 1.374728487523
        0.126937 2.08281879337 1.369509453834
        0.127303 2.088071525322 1.364314894074
        0.12767 2.093216305209 1.359147799709
        0.128038 2.098254483953 1.354011152134
        0.128407 2.103187483395 1.348907922456
        0.128777 2.108016797019 1.343841071295
        0.129149 2.112743990791 1.338813548591
        0.129521 2.117370704106 1.333828293409
        0.129894 2.121898650864 1.328888233746
        0.130269 2.126329620673 1.323996286312
        0.130644 2.13066548018 1.319155356307
        0.131021 2.134908174551 1.31436833715
        0.131398 2.139059729088 1.309638110183
        0.131777 2.143122251007 1.304967544317
        0.132157 2.147097931365 1.300359495623
        0.132538 2.150989047154 1.295816806852
        0.13292 2.154797963563 1.291342306868
        0.133303 2.158527136417 1.286938809988
        0.133687 2.162179114789 1.282609115213
        0.134073 2.165756543801 1.27835600533
        0.134459 2.169262167612 1.274182245873
        0.134847 2.1726988326 1.270090583934
        0.135235 2.176069490737 1.266083746785
        0.135625 2.179377203168 1.262164440311
        0.136016 2.182625143993 1.258335347231
        0.136408 2.185816604246 1.254599125066
        0.136801 2.188954996093 1.250958403859
        0.137196 2.192043857221 1.2474157836
        0.137591 2.195086855442 1.243973831333
        0.137988 2.198087793497 1.24063507793
        0.138385 2.20105061406 1.23740201448
        0.138784 2.203979404931 1.234277088276
        0.139184 2.206878404423 1.231262698368
        0.139585 2.209752006924 1.228361190632
        0.139988 2.212604768622 1.225574852328
        0.140391 2.215441413389 1.222905906104
        0.140796 2.218266838791 1.220356503402
        0.141202 2.221086122224 1.217928717227
        0.141609 2.223904527126 1.215624534227
        0.142017 2.226727509267 1.213445846034
        0.142426 2.229560723055 1.21139443983
        0.142837 2.232410027841 1.209471988063
        0.143248 2.235281494166 1.207680037283
        0.143661 2.238181409917 1.206019996027
        0.144075 2.241116286311 1.204493121701
        0.144491 2.244092863667 1.203100506408
        0.144907 2.247118116883 1.201843061653
        0.145325 2.250199260535 1.200721501881
        0.145744 2.253343753523 1.199736326777
        0.146164 2.256559303138 1.198887802287
        0.146585 2.259853868472 1.198175940297
        0.147008 2.263235663021 1.197600476919
        0.147431 2.266713156359 1.197160849345
        0.147856 2.270295074737 1.196856171228
        0.148282 2.273990400439 1.196685206546
        0.14871 2.27780836972 1.196646341931
        0.149139 2.281758469136 1.196737557458
        0.149568 2.285850430066 1.196956395864
        0.15 2.290094221181 1.197299930236
        0.150432 2.294500038653 1.197764730183
        0.150865 2.299078293821 1.198346826543
        0.1513 2.303839598053 1.199041674693
        0.151736 2.308794744521 1.199844116564
        0.152174 2.313954686584 1.200748341487
        0.152612 2.319330512453 1.201747846028
        0.153052 2.324933415837 1.202835393016
        0.153493 2.330774662203 1.204002969991
        0.153936 2.336865550329 1.205241747377
        0.15438 2.3432173688 1.206542036706
        0.154825 2.349841347097 1.20789324929
        0.155271 2.356748600944 1.209283855797
        0.155718 2.363950071603 1.210701347254
        0.156167 2.371456458796 1.212132198066
        0.156617 2.379278147005 1.213561831722
        0.157069 2.387425124905 1.21497458992
        0.157522 2.395906897765 1.216353705961
        0.157976 2.404732392708 1.217681283291
        0.158431 2.4139098568 1.218938280205
        0.158888 2.423446748044 1.220104501772
        0.159346 2.433349619472 1.221158600133
        0.159805 2.44362399666 1.2220780844
        0.160265 2.454274249159 1.222839341414
        0.160727 2.465303456491 1.223417668715
        0.161191 2.476713269608 1.223787321053
        0.161655 2.488503768876 1.223921571805
        0.162121 2.500673319941 1.223792790631
        0.162589 2.513218429065 1.223372538634
        0.163057 2.526133599809 1.222631682185
        0.163527 2.539411193225 1.221540526446
        0.163998 2.553041294 1.22006896938
        0.164471 2.567011585284 1.218186676809
        0.164945 2.581307235193 1.215863278735
        0.165421 2.595910798207 1.21306858675
        0.165898 2.610802134901 1.209772831885
        0.166376 2.62595835352 1.205946921746
        0.166855 2.641353777033 1.201562715176
        0.167336 2.656959939205 1.196593312044
        0.167819 2.672745613088 1.191013355109
        0.168302 2.688676875077 1.184799340187
        0.168787 2.704717207222 1.177929930196
        0.169274 2.720827639944 1.170386267966
        0.169762 2.736966936599 1.162152282163
        0.170251 2.75309182045 1.153214980151
        0.170742 2.769157243648 1.143564721285
        0.171234 2.785116696712 1.133195463974
        0.171728 2.80092255582 1.122104979829
        0.172222 2.816526464038 1.110295028506
        0.172719 2.831879741379 1.097771487324
        0.173217 2.846933817484 1.084544430485
        0.173716 2.86164067966 1.070628153698
        0.174217 2.875953328214 1.056041141218
        0.174719 2.889826230366 1.040805973678
        0.175223 2.903215763694 1.024949176631
        0.175728 2.916080640035 1.008501011283
        0.176234 2.928382301003 0.9914952105302
        0.176742 2.940085276911 0.9739686649305
        0.177251 2.951157501761 0.955961064656
        0.177762 2.961570578121 0.9375145046745
        0.178275 2.971299987099 0.9186730613698
        0.178789 2.980325240151 0.8994823494683
        0.179304 2.988629971069 0.8799890684785
        0.179821 2.996201968156 0.8602405478679
        0.180339 3.003033148139 0.8402842998975
        0.180859 3.009119474852 0.8201675884393
        0.18138 3.01446082699 0.7999370212635
        0.181903 3.019060820274 0.7796381722367
        0.182427 3.022926590197 0.7593152386928
        0.182953 3.026068542047 0.7390107379734
        0.18348 3.0285000752 0.7187652458487
        0.184009 3.030237288681 0.6986171782727
        0.18454 3.031298674844 0.6786026167538
        0.185072 3.031704807608 0.6587551765527
        0.185605 3.031478031155 0.6391059160045
        0.18614 3.030642154376 0.619683284496
        0.186677 3.029222155587 0.6005131060357
        0.187215 3.027243901315 0.5816185949205
        0.187754 3.024733882147 0.5630203997321
        0.188295 3.021718967933 0.5447366717594
        0.188838 3.018226183896 0.5267831539424
        0.189383 3.014282508581 0.5091732865253
        0.189928 3.009914694006 0.491918325798
        0.190476 3.005149107883 0.4750274725462
        0.191025 3.000011597373 0.4585080071304
        0.191575 2.994527373509 0.4423654284334
        0.192128 2.98872091516 0.4266035942551
        0.192681 2.98261589123 0.4112248610681
        0.193237 2.976235099656 0.3962302213788
        0.193794 2.969600421713 0.3816194372508
        0.194352 2.962732790071 0.3673911688361
        0.194913 2.955652169119 0.3535430970246
        0.195474 2.948377546049 0.3400720395608
        0.196038 2.940926931319 0.3269740601813
        0.196603 2.933317367138 0.3142445705094
        0.19717 2.925564942761 0.3018784245946
        0.197738 2.917684815445 0.2898700061114
        0.198308 2.90969123604 0.2782133083379
        0.198879 2.901597578284 0.2669020071145
        0.199453 2.893416370978 0.25592952705
        0.200028 2.885159332311 0.2452891012877
        0.200604 2.876837405694 0.2349738251788
        0.201182 2.86846079656 0.2249767042327
        0.201762 2.860039009653 0.2152906967234
        0.202344 2.851580886399 0.2059087513358
        0.202927 2.84309464205 0.1968238402339
        0.203512 2.834587902289 0.1880289879204
        0.204099 2.82606773911 0.1795172962493
        0.204687 2.817540705771 0.1712819659344
        0.205277 2.809012870693 0.1633163148808
        0.205868 2.800489850203 0.1556137936462
        0.206462 2.791976840046 0.1481679983208
        0.207057 2.783478645633 0.1409726810925
        0.207654 2.774999710979 0.1340217587461
        0.208252 2.766544146351 0.1273093193247
        0.208853 2.758115754621 0.1208296271627
        0.209455 2.74971805636 0.1145771264812
        0.210058 2.741354313693 0.1085464437213
        0.210664 2.733027552979 0.1027323887715
        0.211271 2.724740586347 0.09712995523365
        0.21188 2.716496032165 0.09173431985444
        0.212491 2.708296334492 0.08654084123894
        0.213103 2.700143781585 0.08154505794901
        0.213717 2.69204052353 0.07674268607884
        0.214333 2.683988589075 0.07212961638949
        0.214951 2.675989901747 0.0677019110753
        0.215571 2.668046295318 0.06345580022607
        0.216192 2.660159528733 0.0593876780419
        0.216815 2.65233130057 0.05549409884997
        0.21744 2.644563263142 0.05177177296683
        0.218067 2.636857036345 0.04821756244409
        0.218696 2.629214221373 0.04482847673021
        0.219326 2.621636414433 0.04160166827694
        0.219958 2.614125220603 0.03853442811505
        0.220592 2.60668226802 0.0356241814205
        0.221228 2.599309222604 0.03286848308941
        0.221866 2.592007803569 0.03026501333761
        0.222505 2.584779800023 0.02781157333833
        0.223146 2.577627089075 0.02550608091007
        0.22379 2.570551655926 0.02334656626464
        0.224435 2.563555616623 0.02133116782434
        0.225082 2.556641244352 0.01945812811543
        0.22573 2.549811000506 0.01772578974359
        0.226381 2.543067572215 0.01613259145458
        0.227033 2.536413918836 0.01467706427994
        0.227688 2.529853331094 0.01335782776219
        0.228344 2.523389508604 0.01217358624508
        0.229002 2.517026665067 0.01112312519897
        0.229662 2.510769677009 0.01020530752446
        0.230324 2.504624305158 0.009419069725543
        0.230988 2.498597546688 0.008763417735856
        0.231654 2.49269825034 0.008237421925818
        0.232322 2.48693835458 0.007840210068212
        0.232991 2.481336114649 0.00757095388294
        0.233663 2.475934519722 0.007423284210032
        0.234336 2.470757858647 0.007308533793683
        0.235012 2.465747161277 0.007196316583597
        0.235689 2.46087752733 0.007086826349679
        0.236369 2.456133763497 0.006980253383246
        0.23705 2.45150479796 0.00687680512433
        0.237733 2.446981901968 0.006776714862
        0.238418 2.442557874498 0.006680247204617
        0.239106 2.438226598342 0.006587702050292
        0.239795 2.43398277204 0.006499417534474
        0.240486 2.429821736512 0.006415772056123
        0.241179 2.425739357505 0.006337185338289
        0.241874 2.421731943196 0.006264118413946
        0.242572 2.417796185101 0.006197072399135
        0.243271 2.41392911501 0.006136585907172
        0.243972 2.410128073229 0.006083230964118
        0.244675 2.406390684927 0.006037607304338
        0.24538 2.402714842258 0.006000334954748
        0.246088 2.399098690545 0.00597204505644
        0.246797 2.395540617158 0.005953368921819
        0.247508 2.392039241994 0.005944925383133
        0.248222 2.388593408628 0.005947306552589
        0.248937 2.385202175376 0.005961062183153
        0.249655 2.381864805598 0.005986682890201
        0.250374 2.378580756685 0.006024582564496
        0.251096 2.375349667293 0.006075080373475
        0.25182 2.37217134246 0.006138382807256
        0.252546 2.369045736387 0.006214566274779
        0.253274 2.365972932733 0.006303560791032
        0.254004 2.362953122448 0.00640513531546
        0.254736 2.359986579225 0.006518885302164
        0.25547 2.357073632829 0.006644223002668
        0.256206 2.354214640634 0.006780371020929
        0.256945 2.351409957824 0.006926359557988
        0.257685 2.348659906816 0.007081027701055
        0.258428 2.345964746527 0.007243029010971
        0.259173 2.343324642168 0.007410841545623
        0.25992 2.340739636306 0.007582782328935
        0.260669 2.338209621907 0.007757026139841
        0.261421 2.335734318113 0.007931628358286
        0.262174 2.333313249396 0.008104551471029
        0.26293 2.330945728737 0.008273694714339
        0.263688 2.328630845323 0.008436926218647
        0.264448 2.326367457182 0.008592116926696
        0.26521 2.324154189034 0.008737175485634
        0.265974 2.321989435486 0.008870083268087
        0.266741 2.319871369559 0.008988928659425
        0.26751 2.317797956377 0.009091939759252
        0.268281 2.315766971717 0.009177514684118
        0.269054 2.313776024955 0.009244248724216
        0.26983 2.31182258585 0.009290957696564
        0.270608 2.30990401448 0.009316696947518
        0.271388 2.308017593599 0.009320775583858
        0.27217 2.306160562579 0.009302765649306
        0.272954 2.304330152127 0.009262506106979
        0.273741 2.302523618929 0.009200101632565
        0.27453 2.300738279408 0.009115916362927
        0.275321 2.298971541847 0.009010562875579
        0.276115 2.297220936161 0.008884886791953
        0.276911 2.295484140741 0.008739947498162
        0.277709 2.293759005845 0.008576995558428
        0.278509 2.292043573161 0.008397447456759
        0.279312 2.290336091266 0.008202858341098
        0.280117 2.28863502682 0.00799489346087
        0.280925 2.286939071475 0.007775298984597
        0.281734 2.285247144563 0.007545872860515
        0.282546 2.28355839174 0.0073084363419
        0.283361 2.281872179855 0.007064806742839
        0.284178 2.280188088388 0.006816771922133
        0.284997 2.278505897852 0.006566066916098
        0.285818 2.27682557561 0.006314353058229
        0.286642 2.275147259586 0.006063199838115
        0.287468 2.273471240357 0.00581406966643
        0.288297 2.271797942117 0.005568305629962
        0.289128 2.270127902979 0.005327122242619
        0.289961 2.268461755085 0.005091599127197
        0.290797 2.266800204912 0.004862677499809
        0.291635 2.26514401417 0.004641159275292
        0.292476 2.263493981596 0.004427708568414
        0.293319 2.261850925928 0.004222855332402
        0.294164 2.260215670265 0.004027000853204
        0.295012 2.258589027985 0.003840424804554
        0.295862 2.256971790325 0.003663293564625
        0.296715 2.25536471569 0.003495669498962
        0.29757 2.253768520697 0.003337520925418
        0.298428 2.252183872941 0.003188732493864
        0.299288 2.25061138541 0.003049115735228
        0.300151 2.249051612476 0.002918419559822
        0.301016 2.247505047328 0.002796340512734
        0.301884 2.245972120734 0.002682532623168
        0.302754 2.24445320098 0.00257661671412
        0.303627 2.242948594836 0.002478189067687
        0.304502 2.241458549403 0.002386829368991
        0.305379 2.239983254676 0.002302107877525
        0.30626 2.238522846696 0.002223591798205
        0.307142 2.237077411137 0.00215085084532
        0.308028 2.235646987208 0.002083462010591
        0.308916 2.234231571753 0.002021013561747
        0.309806 2.232831123446 0.001963108310299
        0.310699 2.231445566987 0.001909366196689
        0.311595 2.230074797234 0.001859426247968
        0.312493 2.228718683185 0.001812947967648
        0.313393 2.227377071795 0.001769612219849
        0.314297 2.22604979155 0.001729121670419
        0.315203 2.2247366558 0.001691200846755
        0.316111 2.223437465812 0.001655595875813
        0.317022 2.222152013555 0.001622073956554
        0.317936 2.220880084185 0.001590422619073
        0.318853 2.219621458265 0.001560448818186
        0.319772 2.218375913706 0.001531977904398
        0.320693 2.217143227446 0.001504852510258
        0.321618 2.215923176899 0.001478931385174
        0.322545 2.214715541156 0.001454088206945
        0.323474 2.213520102002 0.001430210393746
        0.324407 2.212336644725 0.001407197936
        0.325342 2.211164958772 0.001384962263719
        0.32628 2.210004838243 0.001363425161327
        0.32722 2.208856082262 0.001342517738895
        0.328163 2.207718495236 0.001322179465964
        0.329109 2.206591887006 0.001302357271812
        0.330058 2.20547607293 0.001283004714037
        0.331009 2.204370873891 0.001264081215705
        0.331963 2.203276116245 0.001245551370002
        0.33292 2.202191631736 0.001227384310292
        0.33388 2.201117257365 0.001209553142689
        0.334842 2.200052835236 0.001192034437713
        0.335807 2.198998212385 0.001174807777197
        0.336775 2.197953240595 0.001157855352394
        0.337746 2.196917776196 0.001141161609151
        0.338719 2.195891679872 0.001124712936011
        0.339696 2.194874816461 0.001108497391206
        0.340675 2.193867054756 0.001092504464654
        0.341657 2.192868267314 0.001076724871279
        0.342641 2.191878330269 0.001061150372195
        0.343629 2.190897123153 0.001045773620545
        0.34462 2.189924528727 0.001030588029063
        0.345613 2.188960432815 0.001015587656658
        0.346609 2.188004724151 0.001000767111609
        0.347608 2.187057294236 0.0009861214691688
        0.34861 2.186118037198 0.0009716462016565
        0.349615 2.185186849668 0.0009573371192867
        0.350623 2.18426363066 0.0009431903202313
        0.351633 2.183348281455 0.0009292021485675
        0.352647 2.182440705503 0.0009153691589487
        0.353663 2.181540808323 0.000901688086986
        0.354683 2.180648497413 0.0008881558244596
        0.355705 2.179763682165 0.00087476939861
        0.35673 2.178886273786 0.0008615259548572
        0.357758 2.178016185227 0.0008484227423975
        0.35879 2.177153331115 0.0008354571022043
        0.359824 2.176297627685 0.0008226264570374
        0.360861 2.175448992725 0.0008099283031189
        0.361901 2.174607345517 0.0007973602031958
        0.362944 2.173772606785 0.0007849197807485
        0.36399 2.172944698651 0.0007726047151457
        0.36504 2.17212354458 0.0007604127375805
        0.366092 2.171309069343 0.0007483416276488
        0.367147 2.170501198974 0.0007363892104549
        0.368205 2.169699860732 0.0007245533541501
        0.369266 2.168904983064 0.0007128319678252
        0.370331 2.168116495569 0.0007012229996938
        0.371398 2.167334328967 0.0006897244355127
        0.372469 2.166558415068 0.0006783342971964
        0.373542 2.165788686739 0.0006670506415899
        0.374619 2.16502507788 0.0006558715593729
        0.375699 2.164267523394 0.00064479517407
        0.376782 2.16351595916 0.0006338196411485
        0.377868 2.162770322013 0.0006229431471891
        0.378957 2.162030549715 0.0006121639091165
        0.380049 2.161296580935 0.0006014801734798
        0.381145 2.160568355225 0.0005908902157756
        0.382243 2.159845813003 0.0005803923398053
        0.383345 2.159128895526 0.0005699848770631
        0.38445 2.158417544877 0.0005596661861511
        0.385558 2.157711703941 0.0005494346522144
        0.386669 2.157011316388 0.0005392886863985
        0.387784 2.15631632666 0.0005292267253222
        0.388902 2.155626679945 0.0005192472305681
        0.390023 2.154942322166 0.0005093486881862
        0.391147 2.154263199964 0.0004995296082104
        0.392274 2.153589260682 0.000489788524189
        0.393405 2.152920452348 0.0004801239927238
        0.394539 2.152256723664 0.000470534593022
        0.395676 2.151598023985 0.0004610189264578
        0.396817 2.15094430331 0.0004515756161429
        0.39796 2.150295512267 0.000442203306507
        0.399107 2.149651602098 0.0004329006628865
        0.400258 2.149012524647 0.0004236663711228
        0.401412 2.148378232343 0.0004144991371678
        0.402569 2.147748678193 0.0004053976866981
        0.403729 2.147123815767 0.0003963607647364
        0.404893 2.14650359918 0.000387387135282
        0.40606 2.14588798309 0.0003784755809465
        0.40723 2.145276922674 0.0003696249025984
        0.408404 2.144670373626 0.0003608339190142
        0.409581 2.144068292137 0.0003521014665369
        0.410762 2.143470634888 0.0003434263987399
        0.411946 2.142877359036 0.0003348075860988
        0.413133 2.142288422197 0.0003262439156697
        0.414324 2.141703782446 0.0003177342907724
        0.415518 2.14112339829 0.0003092776306813
        0.416716 2.140547228666 0.0003008728703214
        0.417917 2.139975232921 0.0002925189599706
        0.419121 2.139407370806 0.0002842148649675
        0.42033 2.138843602455 0.0002759595654251
        0.421541 2.138283888376 0.0002677520559498
        0.422756 2.137728189435 0.0002595913453659
        0.423975 2.137176466841 0.0002514764564454
        0.425197 2.13662868213 0.0002434064256426
        0.426422 2.136084797147 0.0002353803028343
        0.427651 2.13554477403 0.0002273971510646
        0.428884 2.135008575188 0.0002194560462948
        0.43012 2.134476163284 0.000211556077157
        0.43136 2.133947501209 0.0002036963447138
        0.432603 2.133422552057 0.0001958759622216
        0.43385 2.1329012791 0.0001880940548978
        0.435101 2.132383645753 0.0001803497596937
        0.436355 2.131869615544 0.0001726422250699
        0.437613 2.131359152069 0.0001649706107767
        0.438874 2.130852218948 0.0001573340876385
        0.440139 2.130348779777 0.0001497318373408
        0.441408 2.129848798054 0.0001421630522226
        0.44268 2.12935223712 0.0001346269350704
        0.443956 2.128859060057 0.000127122698917
        0.445236 2.128369229585 0.0001196495668427
        0.446519 2.127882707935 0.0001122067717789
        0.447806 2.127399456672 0.0001047935563161
        0.449097 2.126919436495 9.74091725117e-05
        0.450391 2.12644260696 9.005288170193e-05
        0.451689 2.125968926127 8.27239543138e-05
        0.452991 2.125498350075 7.542166967816e-05
        0.454297 2.125030832245 6.814531584216e-05
        0.455606 2.1245663225 6.08941893796e-05
        0.45692 2.124104765734 5.366759519718e-05
        0.458237 2.123646099748 4.646484633207e-05
        0.459558 2.123190251797 3.928526373477e-05
        0.460882 2.122737132579 3.21281760247e-05
        0.462211 2.122286624746 2.499291919324e-05
        0.463543 2.121838557732 1.787883619602e-05
        0.464879 2.121392639019 1.07852762678e-05
        0.466219 2.120948158531 3.711593268026e-06
        0.467563 2.120502938901 2.878463437908e-20
        0.46891 2.12006434682 2.086376626597e-20
        0.470262 2.119630385028 1.511704647723e-20
        0.471617 2.119200290097 1.094932256417e-20
        0.472977 2.118773756643 7.92788433975e-21
        0.47434 2.118350609175 5.738266981439e-21
        0.475707 2.117930728612 4.15203667573e-21
        0.477079 2.117514025705 3.00332380548e-21
        0.478454 2.117100429016 2.171736909959e-21
        0.479833 2.116689878636 1.569928387309e-21
        0.481216 2.116282322589 1.134549681095e-21
        0.482603 2.115877714622 8.19674983464e-22
        0.483994 2.115476012764 5.920218595784e-22
        0.485389 2.115077178351 4.274792997821e-22
        0.486788 2.114681175342 3.085866100865e-22
        0.488191 2.114287969812 2.227034974452e-22
        0.489598 2.113897529598 1.60682385867e-22
        0.491009 2.113509824006 1.159055030341e-22
        0.492425 2.113124823595 8.358678865476e-23
        0.493844 2.112742500012 6.026598329397e-23
        0.495268 2.112362825857 4.344212617092e-23
        0.496695 2.111985774562 3.130814150955e-23
        0.498127 2.111611320312 2.255869841182e-23
        0.499563 2.111239437964 1.625116283484e-23
        0.501002 2.110870102986 1.170500471434e-23
        0.502447 2.110503291412 8.429048633938e-24
        0.503895 2.110138979777 6.068877693101e-24
        0.505347 2.109777145103 4.368819357836e-24
        0.506804 2.10941776485 3.144478727893e-24
        0.508265 2.109060816892 2.262898496232e-24
        0.50973 2.108706279492 1.62823194246e-24
        0.511199 2.108354131281 1.171399868746e-24
        0.512672 2.108004351233 8.426256432017e-25
        0.51415 2.107656918652 6.060488679941e-25
        0.515632 2.107311813158 4.358398510172e-25
        0.517118 2.106969014669 3.133973901419e-25
        0.518609 2.106628503386 2.253283101475e-25
        0.520104 2.106290259791 1.619909931067e-25
        0.521603 2.105954264628 1.164456996949e-25
        0.523106 2.105620498893 8.369822578725e-26
        0.524614 2.105288943832 6.015503286995e-26
        0.526126 2.104959580928 4.323080176929e-26
        0.527643 2.104632391894 3.106582423294e-26
        0.529163 2.104307358665 2.232252825604e-26
        0.530689 2.103984463395 1.603900456559e-26
        0.532218 2.10366368845 1.152358385618e-26
        0.533752 2.103345016398 8.278972169966e-27
        0.535291 2.103028430011 5.947665460979e-27
        0.536834 2.10271391225 4.272680592364e-27
        0.538381 2.102401446274 3.06930903957e-27
        0.539933 2.102091015422 2.204801992099e-27
        0.541489 2.101782603217 1.583761632962e-27
        0.54305 2.10147619336 1.137637083794e-27
        0.544615 2.101171769725 8.171725799928e-28
        0.546185 2.100869316359 5.869787213569e-28
        0.547759 2.100568817471 4.216303269138e-28
        0.549338 2.100270257436 3.02861869439e-28
        0.550922 2.099973620793 2.175519465936e-28
        0.55251 2.099678892233 1.562749211343e-28
        0.554102 2.099386056606 1.122602088287e-28
        0.555699 2.099095098911 8.064453243813e-29
        0.557301 2.098806004298 5.793470484821e-29
        0.558907 2.09851875806 4.1621689041e-29
        0.560518 2.098233345643 2.990335084106e-29
        0.562134 2.097949752622 2.148530240563e-29
        0.563754 2.097667964721 1.543784686249e-29
        0.565379 2.097387967801 1.109322432391e-29
        0.567009 2.097109747855 7.971807762349e-30
        0.568643 2.096833291005 5.729093660418e-30
        0.570282 2.096558583512 4.117629047354e-30
        0.571926 2.096285611763 2.959666640778e-30
        0.573575 2.096014362269 2.127525280979e-30
        0.575228 2.09574482167 1.529484457103e-30
        0.576886 2.09547697673 1.099653467351e-30
        0.578549 2.095210814327 7.906951703491e-31
        0.580216 2.094946321472 5.685999026885e-31
        0.581889 2.094683485282 4.089318276297e-31
        0.583566 2.094422292993 2.941327926942e-31
        0.585248 2.094162731962 2.115857060907e-31
        0.586935 2.093904789654 1.522234207603e-31
        0.588627 2.093648453649 1.095294262963e-31
        0.590323 2.093393711634 7.881996273208e-32
        0.592025 2.093140551407 5.672827658023e-32
        0.593731 2.092888960874 4.083407906256e-32
        0.595443 2.092638928045 2.939731009018e-32
        0.597159 2.092390441038 2.11668337622e-32
        0.59888 2.092143488067 1.524296631916e-32
        0.600606 2.09189805746 1.097868078951e-32
        0.602337 2.091654137639 7.908601225428e-33
        0.604074 2.091411717123 5.697965401514e-33
        0.605815 2.091170784532 4.105937086532e-33
        0.607561 2.090931328585 2.959230891823e-33
        0.609312 2.090693338094 2.133149050007e-33
        0.611068 2.090456801968 1.537945815715e-33
        0.61283 2.090221709207 1.109021660536e-33
        0.614596 2.089988048911 7.998708051528e-34
        0.616368 2.089755810255 5.770083962717e-34
        0.618144 2.089524982525 4.16321195021e-34
        0.619926 2.08929555508 3.004419883933e-34
        0.621713 2.089067517377 2.16860298691e-34
        0.623505 2.088840858953 1.565627276263e-34
        0.625302 2.088615569441 1.130543246295e-34
        0.627104 2.088391638542 8.165410252289e-35
        0.628912 2.088169056062 5.898782848841e-35
        0.630725 2.087947811877 4.262279279117e-35
        0.632543 2.087727895944 3.080477226463e-35
        0.634366 2.087509298316 2.226856358981e-35
        0.636194 2.087292009106 1.610148715501e-35
        0.638028 2.087076018525 1.164503577124e-35
        0.639867 2.086861316847 8.423996320642e-36
        0.641712 2.086647894434 6.095361302692e-36
        0.643561 2.086435741727 4.411498206033e-36
        0.645416 2.086224849234 3.193592793831e-36
        0.647277 2.086015207538 2.312496843508e-36
        0.649142 2.085806807308 1.674913245474e-36
        0.651013 2.085599639279 1.21342912416e-36
        0.65289 2.085393694254 8.793237366485e-37
        0.654772 2.08518896312 6.373776142793e-37
        0.656659 2.08498543682 4.621253282296e-37
        0.658552 2.08478310638 3.351498347964e-37
        0.66045 2.084581962893 2.431284724869e-37
        0.662354 2.08438199752 1.764214945804e-37
        0.664263 2.084183201488 1.280522789778e-37
        0.666177 2.083985566092 9.297036378442e-38
        0.668098 2.083789082696 6.751875132227e-38
        0.670023 2.083593742729 4.904877492427e-38
        0.671955 2.083399537687 3.564158780541e-38
        0.673891 2.083206459128 2.590670920319e-38
        0.675834 2.083014498673 1.883627340192e-38
        0.677782 2.082823648011 1.369955424021e-38
        0.679735 2.082633898892 9.966617188423e-39
        0.681695 2.082445243122 7.253041668807e-39
        0.68366 2.08225767258 5.279888746742e-39
        0.68563 2.082071179193 3.844702263519e-39
        0.687606 2.081885754956 2.800497082347e-39
        0.689588 2.081701391928 2.040530637113e-39
        0.691576 2.081518082218 1.48726309666e-39
        0.693569 2.081335817987 1.084351943559e-39
        0.695568 2.081154591475 7.908453766514e-40
        0.697573 2.080974394958 5.769694567437e-40
        0.699584 2.080795220784 4.210707254506e-40
        0.7016 2.080617061351 3.073967706129e-40
        0.703623 2.080439909106 2.244846311698e-40
        0.705651 2.080263756561 1.639902428883e-40
        0.707685 2.080088596271 1.198379853078e-40
        0.709725 2.079914420857 8.760261768186e-41
        0.71177 2.07974122299 6.405997307743e-41
        0.713822 2.079568995394 4.686023711711e-41
        0.715879 2.079397730831 3.429029655982e-41
        0.717943 2.079227422136 2.510082444652e-41
        0.720012 2.079058062183 1.838042982969e-41
        0.722088 2.078889643896 1.3464034234e-41
        0.724169 2.078722160258 9.86614611603e-42
        0.726256 2.078555604289 7.232252576186e-42
        0.72835 2.078389969067 5.303398196907e-42
        0.730449 2.07822524772 3.890365380405e-42
        0.732554 2.078061433413 2.854847630165e-42
        0.734666 2.077898519375 2.095717480157e-42
        0.736783 2.077736498868 1.539007232002e-42
        0.738907 2.07757536521 1.130596303996e-42
        0.741037 2.077415111758 8.308723010905e-43
        0.743173 2.077255731915 6.108318203172e-43
        0.745315 2.07709721914 4.492318090769e-43
        0.747463 2.076939566923 3.305077414119e-43
        0.749618 2.076782768813 2.432516896084e-43
        0.751778 2.076626818387 1.790993385863e-43
        0.753945 2.076471709275 1.319157863195e-43
        0.756119 2.076317435154 9.719971833956e-44
        0.758298 2.076163989741 7.16472384396e-44
        0.760484 2.076011366778 5.283246509822e-44
        0.762676 2.075859560078 3.897355402357e-44
        0.764874 2.075708563478 2.87612397928e-44
        0.767079 2.075558370857 2.12331476227e-44
        0.76929 2.075408976142 1.568162483954e-44
        0.771507 2.075260373293 1.158612889572e-44
        0.773731 2.075112556317 8.563611743775e-45
        0.775961 2.074965519245 6.332097494236e-45
        0.778198 2.074819256169 4.683935563652e-45
        0.780441 2.074673761217 3.466151981324e-45
        0.78269 2.074529028534 2.566009905589e-45
        0.784946 2.074385052317 1.900394442332e-45
        0.787209 2.074241826812 1.408006048958e-45
        0.789478 2.074099346281 1.043617316634e-45
        0.791753 2.07395760504 7.738461974871e-46
        0.794035 2.073816597431 5.740441213767e-46
        0.796324 2.073676317828 4.260040772468e-46
        0.798619 2.073536760668 3.162719721347e-46
        0.800921 2.073397920396 2.349020065311e-46
        0.80323 2.073259791498 1.745389693413e-46
        0.805545 2.073122368502 1.297413259616e-46
        0.807867 2.072985645965 9.648172892431e-47
        0.810196 2.072849618476 7.177830696752e-47
        0.812531 2.072714280668 5.342238728768e-47
        0.814873 2.072579627203 3.977735236032e-47
        0.817222 2.072445652771 2.962998951726e-47
        0.819577 2.072312352097 2.208059155139e-47
        0.82194 2.072179719941 1.646167489995e-47
        0.824309 2.072047751099 1.227783996912e-47
        0.826685 2.071916440401 9.161256896067e-48
        0.829067 2.071785782681 6.83870400031e-48
        0.831457 2.071655772843 5.107151043993e-48
        0.833854 2.071526405802 3.815665018224e-48
        0.836257 2.071397676514 2.851995956353e-48
        0.838668 2.071269579938 2.13262833068e-48
        0.841085 2.071142111106 1.595399739656e-48
        0.843509 2.071015265051 1.194022184686e-48
        0.845941 2.070889036845 8.940138919615e-49
        0.848379 2.070763421569 6.69677302327e-49
        0.850824 2.070638414374 5.018532882519e-49
        0.853277 2.070514010418 3.762515397885e-49
        0.855736 2.070390204875 2.82208794007e-49
        0.858203 2.070266992954 2.117648943041e-49
        0.860676 2.070144369899 1.589750495867e-49
        0.863157 2.070022330997 1.193976998283e-49
        0.865645 2.069900871535 8.971299182958e-50
        0.86814 2.069779986827 6.743843805187e-50
        0.870643 2.069659672242 5.071691593116e-50
        0.873152 2.069539923148 3.815853754635e-50
        0.875669 2.069420734957 2.872265180177e-50
        0.878193 2.069302103081 2.162975697292e-50
        0.880724 2.069184023 1.629571433618e-50
        0.883263 2.069066490201 1.22825963075e-50
        0.885809 2.068949500162 9.261947498016e-51
        0.888362 2.068833048429 6.987312324381e-51
        0.890922 2.068717130578 5.273683218304e-51
        0.89349 2.068601742171 3.982119547172e-51
        0.896066 2.068486878831 3.008231438733e-51
        0.898649 2.068372536178 2.273553682784e-51
        0.901239 2.068258709872 1.719081666858e-51
        0.903836 2.068145395599 1.300425387517e-51
        0.906442 2.068032589054 9.841749475854e-52
        0.909054 2.067920285962 7.451735014097e-52
        0.911675 2.067808482072 5.644702008273e-52
        0.914302 2.067697173175 4.277829195612e-52
        0.916938 2.067586355044 3.243433077422e-52
        0.919581 2.067476023523 2.460287135568e-52
        0.922231 2.067366174413 1.867094370519e-52
        0.92489 2.067256803603 1.417576886565e-52
        0.927555 2.067147906974 1.07678032861e-52
        0.930229 2.067039480428 8.182914015416e-53
        0.93291 2.066931519902 6.221419585928e-53
        0.935599 2.066824021326 4.732295602684e-53
        0.938296 2.066716980684 3.601267154067e-53
        0.941001 2.066610393954 2.741827609166e-53
        0.943713 2.066504257148 2.088461645458e-53
        0.946433 2.066398566313 1.591529281779e-53
        0.949161 2.066293317472 1.21340211171e-53
        0.951897 2.066188506723 9.25543958421e-54
        0.954641 2.066084130136 7.063041323293e-54
        0.957392 2.065980183834 5.392486099493e-54
        0.960152 2.065876663935 4.118974503937e-54
        0.962919 2.065773566607 3.147691364758e-54
        0.965695 2.065670888005 2.40656908369e-54
        0.968478 2.065568624297 1.84080528535e-54
        0.97127 2.065466771711 1.408707650868e-54
        0.974069 2.065365326462 1.078543244188e-54
        0.976877 2.065264284795 8.261484338177e-55
        0.979693 2.065163642961 6.331149873903e-55
        0.982517 2.065063397255 4.854128264248e-55
        0.985349 2.064963543963 3.723438564898e-55
        0.988189 2.064864079378 2.857469296538e-55
        0.991037 2.064764999856 2.19393384177e-55
        0.993894 2.064666301735 1.685272721878e-55
        0.996758 2.064567981363 1.295154846066e-55
        0.999631 2.064470035149 9.958138535492e-56
        1.00251 2.064372459466 7.660193130026e-56
        1.0054 2.064275250735 5.895307707392e-56
        1.0083 2.064178405388 4.539191998434e-56
        1.01121 2.064081919874 3.496681304866e-56
        1.01412 2.063985790642 2.694877807548e-56
        1.01704 2.063890014179 2.07791477727e-56
        1.01998 2.063794586985 1.60295786866e-56
        1.02292 2.063699505544 1.237149823083e-56
        1.02586 2.063604766395 9.552749454244e-57
        1.02882 2.063510366089 7.37972979299e-57
        1.03179 2.063416301149 5.703725225512e-57
        1.03476 2.063322568156 4.410449630116e-57
        1.03774 2.063229163699 3.412033955472e-57
        1.04073 2.063136084384 2.640888684126e-57
        1.04373 2.063043326799 2.044999389527e-57
        1.04674 2.062950887584 1.584319122481e-57
        1.04976 2.062858763362 1.228000644079e-57
        1.05279 2.062766950805 9.522720222676e-58
        1.05582 2.062675446557 7.388052997842e-58
        1.05886 2.062584247339 5.734632205793e-58
        1.06192 2.062493349803 4.453359610407e-58
        1.06498 2.062402750664 3.460004213025e-58
        1.06805 2.062312446648 2.689503948217e-58
        1.07112 2.062222434497 2.091579949509e-58
        1.07421 2.062132710931 1.627359499555e-58
        1.07731 2.06204327274 1.266774485875e-58
        1.08041 2.061954116656 9.86556358506e-59
        1.08353 2.061865239508 7.686901115181e-59
        1.08665 2.061776638044 5.992216565075e-59
        1.08978 2.061688309095 4.67337387441e-59
        1.09292 2.061600249467 3.646534898847e-59
        1.09607 2.06151245599 2.846669475198e-59
        1.09923 2.061424925531 2.223312620872e-59
        1.1024 2.061337654924 1.737284056354e-59
        1.10558 2.06125064103 1.358150620143e-59
        1.10877 2.061163880717 1.062262441941e-59
        1.11196 2.061077370871 8.312324479226e-60
        1.11517 2.060991108429 6.507585763635e-60
        1.11838 2.060905090252 5.097110403201e-60
        1.1216 2.06081931327 3.994246668919e-60
        1.12484 2.060733774421 3.131499842589e-60
        1.12808 2.060648470636 2.456272495548e-60
        1.13133 2.060563398867 1.927557306713e-60
        1.13459 2.060478556063 1.513368239339e-60
        1.13786 2.060393939214 1.188744315387e-60
        1.14114 2.060309545299 9.341976422536e-61
        1.14443 2.060225371275 7.345062714096e-61
        1.14773 2.060141414171 5.777748401455e-61
        1.15104 2.060057670976 4.547032581519e-61
        1.15436 2.059974138725 3.580171007467e-61
        1.15768 2.059890814388 2.820237490455e-61
        1.16102 2.059807695101 2.222663583036e-61
        1.16437 2.059724777805 1.752539691682e-61
        1.16772 2.05964205961 1.382509102e-61
        1.17109 2.059559537593 1.09112390874e-61
        1.17446 2.05947720877 8.61560951538e-62
        1.17785 2.059395070237 6.806184655322e-62
        1.18124 2.059313119105 5.379317193933e-62
        1.18465 2.059231352411 4.253595642895e-62
        1.18806 2.059149767318 3.365044327818e-62
        1.19149 2.059068360897 2.663365851307e-62
        1.19492 2.058987130263 2.108998275504e-62
        1.19837 2.058906072594 1.670809320282e-62
        1.20182 2.058825184969 1.324288858788e-62
        1.20529 2.058744464531 1.050131376755e-62
        1.20876 2.058663908442 8.331237540015e-63
        1.21224 2.05858351389 6.612722059603e-63
        1.21574 2.058503277963 5.251166455694e-63
        1.21924 2.058423197835 4.171919856415e-63
        1.22276 2.05834327076 3.31604697447e-63
        1.22628 2.058263493857 2.636998140315e-63
        1.22982 2.058183864341 2.097989401641e-63
        1.23336 2.058104379361 1.669940338905e-63
        1.23692 2.05802503618 1.329850130945e-63
        1.24048 2.057945831927 1.059518152693e-63
        1.24406 2.057866763892 8.445355494957e-64
        1.24764 2.057787829262 6.734900340277e-64
        1.25124 2.057709025256 5.373385358466e-64
        1.25484 2.057630349118 4.289120480812e-64
        1.25846 2.057551798025 3.42524636498e-64
        1.26209 2.057473369309 2.736645585411e-64
        1.26573 2.057395060182 2.187501381368e-64
        1.26937 2.057316867903 1.749367327e-64
        1.27303 2.057238789654 1.399640302471e-64
        1.2767 2.057160822796 1.120351956521e-64
        1.28038 2.057082964576 8.972117999802e-65
        1.28407 2.057005212239 7.18849193976e-65
        1.28777 2.056927563034 5.762126207075e-65
        1.29149 2.05685001433 4.620933861279e-65
        1.29521 2.056772563342 3.707478097047e-65
        1.29894 2.056695207388 2.975974007937e-65
        1.30269 2.056617943711 2.389908165753e-65
        1.30644 2.056540769678 1.920147854201e-65
        1.31021 2.056463682547 1.543438558204e-65
        1.31398 2.056386679642 1.241209444206e-65
        1.31777 2.056309758289 9.986232710181e-66
        1.32157 2.056232915786 8.038203737848e-66
        1.32538 2.056156149397 6.47316807506e-66
        1.3292 2.056079456565 5.215249999739e-66
        1.33303 2.056002834468 4.203718057632e-66
        1.33687 2.055926280524 3.389940328369e-66
        1.34073 2.055849792105 2.734956190456e-66
        1.34459 2.055773366425 2.207538885975e-66
        1.34847 2.055697000903 1.782648991412e-66
        1.35235 2.055620692871 1.440199372375e-66
        1.35625 2.055544439635 1.1640684446e-66
        1.36016 2.055468238564 9.413114674369e-67
        1.36408 2.055392087012 7.615298445334e-67
        1.36801 2.055315982306 6.163665519279e-67
        1.37196 2.055239921798 4.991022906904e-67
        1.37591 2.055163902874 4.043321132059e-67
        1.37988 2.055087922866 3.277063721161e-67
        1.38385 2.055011979115 2.657231051285e-67
        1.38784 2.054936069015 2.155615689872e-67
        1.39184 2.054860189934 1.749487076522e-67
        1.39585 2.054784339179 1.420519913609e-67
        1.39988 2.054708514133 1.153933805534e-67
        1.40391 2.054632712236 9.378021972922e-68
        1.40796 2.054556930761 7.624970526203e-68
        1.41202 2.054481167166 6.202424120904e-68
        1.41609 2.054405418722 5.047553255693e-68
        1.42017 2.054329682878 4.10956930944e-68
        1.42426 2.054253956936 3.347398735731e-68
        1.42837 2.054178238321 2.727809971225e-68
        1.43248 2.054102524424 2.223904276781e-68
        1.43661 2.054026812538 1.813899265934e-68
        1.44075 2.053951100158 1.480147926465e-68
        1.44491 2.053875384551 1.208347200809e-68
        1.44907 2.053799663104 9.86899215259e-69
        1.45325 2.05372393329 8.063954904663e-69
        1.45744 2.053648192374 6.592002736584e-69
        1.46164 2.053572437834 5.391137966434e-69
        1.46585 2.053496666928 4.411000099814e-69
        1.47008 2.053420877075 3.610663516567e-69
        1.47431 2.053345065684 2.956855284397e-69
        1.47856 2.053269230095 2.422512324726e-69
        1.48282 2.053193367735 1.985612806543e-69
        1.4871 2.053117475919 1.628229238018e-69
        1.49139 2.05304155201 1.335760864136e-69
        1.49568 2.052965593467 1.0963111483e-69
        1.5 2.052889597633 9.001826974023e-70
        1.50432 2.05281356182 7.394672963947e-70
        1.50865 2.052737483403 6.077129991853e-70
        1.513 2.052661359768 4.996536760636e-70
        1.51736 2.052585188323 4.109892056491e-70
        1.52174 2.052508966359 3.382067510205e-70
        1.52612 2.052432691347 2.784353785085e-70
        1.53052 2.052356360527 2.293277482306e-70
        1.53493 2.052279971311 1.889637938239e-70
        1.53936 2.05220352106 1.557722710614e-70
        1.5438 2.052127007248 1.284668329826e-70
        1.54825 2.052050426993 1.059939195709e-70
        1.55271 2.051973777723 8.749026020912e-71
        1.55718 2.051897056868 7.224820101002e-71
        1.56167 2.051820261837 5.968740416221e-71
        1.56617 2.051743389776 4.933173847636e-71
        1.57069 2.051666438183 4.07904008777e-71
        1.57522 2.051589404373 3.374248774568e-71
        1.57976 2.051512285607 2.792438029812e-71
        1.58431 2.051435079258 2.311942642291e-71
        1.58888 2.051357782694 1.914949733725e-71
        1.59346 2.051280393154 1.586807549801e-71
        1.59805 2.051202908097 1.31545936766e-71
        1.60265 2.051125324766 1.09097967837e-71
        1.60727 2.051047640486 9.051940059018e-72
        1.61191 2.050969852542 7.513671511593e-72
        1.61655 2.050891958259 6.239474385049e-72
        1.62121 2.050813955062 5.183568170797e-72
        1.62589 2.050735840055 4.308185236156e-72
        1.63057 2.050657610648 3.58215525705e-72
        1.63527 2.050579264176 2.979741999873e-72
        1.63998 2.050500797854 2.479687066131e-72
        1.64471 2.050422209006 2.064423450467e-72
        1.64945 2.050343494868 1.719428488775e-72
        1.65421 2.0502646528 1.432691269194e-72
        1.65898 2.05018568 1.194274077025e-72
        1.66376 2.05010657378 9.959511208978e-73
        1.66855 2.050027331496 8.309107997075e-73
        1.67336 2.049947950195 6.935102334928e-73
        1.67819 2.049868427259 5.790728001449e-73
        1.68302 2.049788759896 4.837210755491e-73
        1.68787 2.049708945407 4.0423892917e-73
        1.69274 2.049628980986 3.379576405616e-73
        1.69762 2.049548863914 2.826618140338e-73
        1.70251 2.049468591436 2.365116180257e-73
        1.70742 2.0493881606 1.979784904048e-73
        1.71234 2.049307568867 1.657919560567e-73
        1.71728 2.049226813254 1.388956184929e-73
        1.72222 2.049145891064 1.164107278908e-73
        1.72719 2.04906479957 9.760600919504e-74
        1.73217 2.048983535767 8.187266440349e-74
        1.73716 2.048902096963 6.870365332013e-74
        1.74217 2.048820480283 5.767651363967e-74
        1.74719 2.048738683008 4.843910994429e-74
        1.75223 2.048656702204 4.069780756723e-74
        1.75728 2.04857453523 3.420765473682e-74
        1.76234 2.048492178812 2.87642287342e-74
        1.76742 2.048409630494 2.419686125602e-74
        1.77251 2.048326887287 2.036300751614e-74
        1.77762 2.048243946346 1.714356405589e-74
        1.78275 2.048160804627 1.443897390659e-74
        1.78789 2.048077459533 1.216598539397e-74
        1.79304 2.047993907918 1.025495383394e-74
        1.79821 2.047910147067 8.647594271969e-75
        1.80339 2.047826174079 7.295109148726e-75
        1.80859 2.047741985946 6.156627710161e-75
        1.8138 2.047657579684 5.197904746171e-75
        1.81903 2.047572952547 4.390235135827e-75
        1.82427 2.04748810135 3.709548053917e-75
        1.82953 2.047403023519 3.135650799006e-75
        1.8348 2.047317715661 2.651597287796e-75
        1.84009 2.047232175087 2.24316044707e-75
        1.8454 2.047146398995 1.898391244724e-75
        1.85072 2.0470603839 1.607249984614e-75
        1.85605 2.046974127175 1.361297901749e-75
        1.8614 2.046887625794 1.153439099261e-75
        1.86677 2.046800876765 9.777045221408e-76
        1.87215 2.046713876947 8.29071051687e-76
        1.87754 2.046626623443 7.033099514457e-76
        1.88295 2.046539112946 5.968598539193e-76
        1.88838 2.046451342791 5.067202721096e-76
        1.89383 2.046363309738 4.303622859009e-76
        1.89928 2.046275010779 3.656536032154e-76
        1.90476 2.046186442718 3.107956589898e-76
        1.91025 2.046097602504 2.642707975677e-76
        1.91575 2.04600848715 2.247979052812e-76
        1.92128 2.045919093483 1.912951269605e-76
        1.92681 2.045829418473 1.628485232681e-76
        1.93237 2.045739458896 1.386857123078e-76
        1.93794 2.045649211788 1.18153694315e-76
        1.94352 2.045558673461 1.007001886249e-76
        1.94913 2.045467841338 8.585792042294e-77
        1.95474 2.045376712224 7.323138635782e-77
        1.96038 2.045285282472 6.248570347083e-77
        1.96603 2.045193549586 5.333721000896e-77
        1.9717 2.045101509598 4.554554005711e-77
        1.97738 2.045009159925 3.890693811477e-77
        1.98308 2.044916497004 3.32486177651e-77
        1.98879 2.044823517552 2.842399939574e-77
        1.99453 2.044730218609 2.430868859017e-77
        2.00028 2.044636596634 2.079707870754e-77
        2.00604 2.044542648502 1.779947966904e-77
        2.01182 2.044448371101 1.523969058354e-77
        2.01762 2.044353760673 1.30529468233e-77
        2.02344 2.044258814166 1.118418312881e-77
        2.02927 2.04416352825 9.586563577413e-78
        2.03512 2.044067899672 8.220236929253e-78
        2.04099 2.043971924924 7.051282419378e-78
        2.04687 2.043875600709 6.050816520202e-78
        2.05277 2.04377892354 5.19423582261e-78
        2.05868 2.043681890414 4.460575051186e-78
        2.06462 2.04358449732 3.831962513465e-78
        2.07057 2.043486741362 3.293158014183e-78
        2.07654 2.043388618694 2.83116061835e-78
        2.08252 2.043290126493 2.434875568913e-78
        2.08853 2.043191260405 2.094831347326e-78
        2.09455 2.043092017791 1.802939228345e-78
        2.10058 2.042992394773 1.552288885852e-78
        2.10664 2.042892387702 1.336974570789e-78
        2.11271 2.042791993422 1.151947240547e-78
        2.1188 2.04269120832 9.92888719223e-79
        2.12491 2.042590028669 8.561045663922e-79
        2.13103 2.042488450591 7.384328412677e-79
        2.13717 2.042386471498 6.371663752165e-79
        2.14333 2.042284086719 5.499865308661e-79
        2.14951 2.042181293383 4.749067263791e-79
        2.15571 2.042078087486 4.102242722453e-79
        2.16192 2.0419744657 3.544792793835e-79
        2.16815 2.041870423892 3.064195897345e-79
        2.1744 2.041765958712 2.649708348468e-79
        2.18067 2.041661066454 2.292108645158e-79
        2.18696 2.041555743733 1.983478992472e-79
        2.19326 2.041449986218 1.717018581309e-79
        2.19958 2.041343790122 1.486883945152e-79
        2.20592 2.041237152393 1.288052424038e-79
        2.21228 2.041130068756 1.116205349908e-79
        2.21866 2.041022535457 9.676280661953e-80
        2.22505 2.040914548551 8.391243295916e-80
        2.23146 2.040806104897 7.279429972352e-80
        2.2379 2.040697199497 6.317152163122e-80
        2.24435 2.040587829753 5.484005891955e-80
        2.25082 2.04047799081 4.762410205438e-80
        2.2573 2.040367679059 4.137211314881e-80
        2.26381 2.040256890956 3.595342982401e-80
        2.27033 2.04014562216 3.125535045265e-80
        2.27688 2.040033868702 2.71806316742e-80
        2.28344 2.039921627092 2.364533918537e-80
        2.29002 2.039808892425 2.057700129967e-80
        2.29662 2.039695661745 1.791302200394e-80
        2.30324 2.039581930215 1.559931670308e-80
        2.30988 2.039467694446 1.358913886955e-80
        2.31654 2.039352949695 1.18420706516e-80
        2.32322 2.039237691992 1.032315415257e-80
        2.32991 2.039121917482 9.002143575615e-81
        2.33663 2.03900562185 7.852861179349e-81
        2.34336 2.03888880142 6.852642442264e-81
        2.35012 2.038771451151 5.981857935948e-81
        2.35689 2.038653568064 5.223501134992e-81
        2.36369 2.038535146401 4.562832991227e-81
        2.3705 2.038416183161 3.987075303173e-81
        2.37733 2.038296673502 3.48514614238e-81
        2.38418 2.038176613397 3.047431453724e-81
        2.39106 2.038055998411 2.665587840472e-81
        2.39795 2.037934824526 2.332372209096e-81
        2.40486 2.03781308709 2.041494572438e-81
        2.41179 2.037690781154 1.787490816758e-81
        2.41874 2.037567903494 1.565612689307e-81
        2.42572 2.037444448989 1.371732649964e-81
        2.43271 2.037320413598 1.202261541773e-81
        2.43972 2.03719579203 1.054077338806e-81
        2.44675 2.037070580648 9.244634539745e-82
        2.4538 2.036944775116 8.110553124097e-82
        2.46088 2.036818370047 7.117940638977e-82
        2.46797 2.03669136096 6.248864678051e-82
        2.47508 2.036563744009 5.487701177253e-82
        2.48222 2.036435514286 4.820832846506e-82
        2.48937 2.03630666743 4.236387556402e-82
        2.49655 2.036177197845 3.724011329586e-82
        2.50374 2.036047101355 3.274671279273e-82
        2.51096 2.035916373305 2.880484506408e-82
        2.5182 2.035785009206 2.534569475069e-82
        2.52546 2.035653004557 2.230916877552e-82
        2.53274 2.035520353332 1.964277397313e-82
        2.54004 2.035387051987 1.730064120902e-82
        2.54736 2.035253095008 1.524267673204e-82
        2.5547 2.03511847743 1.343382379395e-82
        2.56206 2.034983195577 1.184342008653e-82
        2.56945 2.034847242303 1.044463839577e-82
        2.57685 2.034710615407 9.213999440985e-83
        2.58428 2.034573307543 8.130947612515e-83
        2.59173 2.034435314812 7.177481192888e-83
        2.5992 2.034296631841 6.337830106079e-83
        2.60669 2.034157254736 5.598174911338e-83
        2.61421 2.034017176343 4.946401738103e-83
        2.62174 2.033876393204 4.371888445102e-83
        2.6293 2.033734899239 3.865318030068e-83
        2.63688 2.033592690082 3.41851571056e-83
        2.64448 2.033449760485 3.024306666425e-83
        2.6521 2.033306104442 2.676391765706e-83
        2.65974 2.033161716835 2.369238970937e-83
        2.66741 2.033016592358 2.097988423364e-83
        2.6751 2.03287072665 1.858369450449e-83
        2.68281 2.032724113131 1.646627983056e-83
        2.69054 2.032576748031 1.459463046221e-83
        2.6983 2.032428624027 1.29397118815e-83
        2.70608 2.032279737285 1.147597822013e-83
        2.71388 2.032130081094 1.018094625649e-83
        2.7217 2.031979650206 9.034822187862e-84
        2.72954 2.03182843958 8.0201746346e-84
        2.73741 2.031676443604 7.121648027031e-84
        2.7453 2.031523656316 6.325711312047e-84
        2.75321 2.031370072086 5.620437563903e-84
        2.76115 2.031215685493 4.99531064411e-84
        2.76911 2.03106049048 4.441055538213e-84
        2.77709 2.030904482555 3.949489417183e-84
        2.78509 2.030747654292 3.513390872997e-84
        2.79312 2.03058999994 3.126385045551e-84
        2.80117 2.030431514978 2.78284270753e-84
        2.80925 2.030272192883 2.477791578311e-84
        2.81734 2.03011202699 2.206838354325e-84
        2.82546 2.029951012664 1.966100158565e-84
        2.83361 2.029789142936 1.752144296398e-84
        2.84178 2.029626412262 1.561935417372e-84
        2.84997 2.02946281455 1.392789669728e-84
        2.85818 2.029298344154 1.24233671163e-84
        2.86642 2.029132993277 1.108494820338e-84
        2.87468 2.028966757702 9.894795634246e-85
        2.88297 2.028799630588 8.839199673529e-85
        2.89128 2.028631605447 7.913427304901e-85
        2.89961 2.028462674905 7.139321512872e-85
        2.90797 2.028292835178 6.627001067282e-85
        2.91635 2.028122078445 6.78803797796e-85
        2.92476 2.027950397787 9.065135979857e-85
        2.93319 2.027777788434 1.840974886073e-84
        2.94164 2.027604242037 5.163062817085e-84
        2.95012 2.027429753232 1.653138966268e-83
        2.95862 2.02725431446 5.485016917246e-83
        2.96715 2.027077920634 1.828058826946e-82
        2.9757 2.026900564306 6.067434462791e-82
        2.98428 2.02672223772 2.000945550769e-81
        2.99288 2.026542936689 6.552864184872e-81
        3.00151 2.026362651903 2.130784270057e-80
        3.01016 2.026181378363 6.879537158663e-80
        3.01884 2.025999107616 2.205481212494e-79
        3.02754 2.025815834148 7.020832159278e-79
        3.03627 2.025631550863 2.219384367683e-78
        3.04502 2.025446250247 6.967114627223e-78
        3.05379 2.025259924998 2.172039218988e-77
        3.0626 2.025072569534 6.725031671252e-77
        3.07142 2.024884175513 2.068000141301e-76
        3.08028 2.024694735239 6.316170529871e-76
        3.08916 2.024504242538 1.916115018956e-75
        3.09806 2.024312689018 5.773923692764e-75
        3.10699 2.024120069528 1.72830120519e-74
        3.11595 2.023926375916 5.13906185251e-74
        3.12493 2.023731599183 1.518033194509e-73
        3.13393 2.023535732817 4.454803952501e-73
        3.14297 2.023338770192 1.298801027949e-72
        3.15203 2.023140703093 3.762184136954e-72
        3.16111 2.022941522987 1.082773129308e-71
        3.17022 2.022741223778 3.096359598045e-71
        3.17936 2.022539797024 8.798289004514e-71
        3.18853 2.022337235478 2.484244152621e-70
        3.19772 2.022133531316 6.970368975111e-70
        3.20693 2.021928676195 1.943563892735e-69
        3.21618 2.021722661592 5.385666646439e-69
        3.22545 2.021515481612 1.483179257826e-68
        3.23474 2.021307125566 4.059543415835e-68
        3.24407 2.021097588076 1.104347776826e-67
        3.25342 2.020886860048 2.986037901484e-67
        3.2628 2.020674932099 8.0252971829e-67
        3.2722 2.02046179732 2.143970289003e-66
        3.28163 2.020247447673 5.693556323579e-66
        3.29109 2.020031874756 1.503041591896e-65
        3.30058 2.01981506827 3.944537640101e-65
        3.31009 2.019597022641 1.029139057092e-64
        3.31963 2.01937772805 2.66943837869e-64
        3.3292 2.019157175262 6.884122177066e-64
        3.3388 2.018935355442 1.765122812654e-63
        3.34842 2.018712262719 4.500012782681e-63
        3.35807 2.018487885193 1.14072173253e-62
        3.36775 2.018262215941 2.875328263589e-62
        3.37746 2.018035245827 7.20694847397e-62
        3.38719 2.017806964282 1.796329901291e-61
        3.39696 2.01757736468 4.452519466897e-61
        3.40675 2.01734643845 1.09755139197e-60
        3.41657 2.017114172803 2.690651158067e-60
        3.42641 2.016880562007 6.560206594026e-60
        3.43629 2.016645595727 1.590813417609e-59
        3.4462 2.016409265387 3.836864987429e-59
        3.45613 2.016171559832 9.204563267673e-59
        3.46609 2.015932471026 2.196408056725e-58
        3.47608 2.015691989716 5.213384225441e-58
        3.4861 2.015450105746 1.230940093269e-57
        3.49615 2.01520680951 2.891199861217e-57
        3.50623 2.014962091068 6.755488829192e-57
        3.51633 2.014715943543 1.570313237324e-56
        3.52647 2.014468354057 3.631448998829e-56
        3.53663 2.014219311002 8.355086974968e-56
        3.54683 2.013968808941 1.912548750008e-55
        3.55705 2.013716834732 4.3558973307e-55
        3.5673 2.013463381064 9.870958585266e-55
        3.57758 2.013208434418 2.225719939646e-54
        3.5879 2.012951986357 4.993718262109e-54
        3.59824 2.012694027674 1.114891633332e-53
        3.60861 2.012434546538 2.476903398532e-53
        3.61901 2.012173533205 5.476030939417e-53
        3.62944 2.011910977545 1.204801984043e-52
        3.6399 2.01164686692 2.637976267838e-52
        3.6504 2.011381191063 5.748359528572e-52
        3.66092 2.011113940971 1.246657395565e-51
        3.67147 2.010845104703 2.690870044432e-51
        3.68205 2.010574672416 5.780866309773e-51
        3.69266 2.010302631708 1.23611773315e-50
        3.70331 2.010028971528 2.6309070184e-50
        3.71398 2.009753683798 5.573678136545e-50
        3.72469 2.009476754543 1.175387044017e-49
        3.73542 2.009198171797 2.467370530489e-49
        3.74619 2.008917925242 5.156013815236e-49
        3.75699 2.008636005315 1.072584932738e-48
        3.76782 2.008352396974 2.221257261212e-48
        3.77868 2.008067090833 4.579595689201e-48
        3.78957 2.007780073183 9.400003541201e-48
        3.80049 2.007491332856 1.920936125753e-47
        3.81145 2.007200862743 3.90834791306e-47
        3.82243 2.006908643771 7.917356301489e-47
        3.83345 2.00661466756 1.596927021016e-46
        3.8445 2.006318922683 3.207148117254e-46
        3.85558 2.006021394594 6.41347094201e-46
        3.86669 2.005722073386 1.277080996172e-45
        3.87784 2.005420941149 2.532246149808e-45
        3.88902 2.005117995981 4.999959244371e-45
        3.90023 2.004813213455 9.831299345338e-45
        3.91147 2.004506589092 1.92508566988e-44
        3.92274 2.004198106949 3.754002897643e-44
        3.93405 2.003887754988 7.290464481005e-44
        3.94539 2.003575519828 1.41007572396e-43
        3.95676 2.00326138587 2.716231892461e-43
        3.96817 2.002945344959 5.211213773401e-43
        3.9796 2.002627378763 9.957927896117e-43
        3.99107 2.002307476775 1.895254136233e-42
        4.00258 2.001985630071 3.592895618968e-42
        4.01412 2.001661814417 6.78438750483e-42
        4.02569 2.00133602429 1.276073684254e-41
        4.03729 2.001008243057 2.390837325891e-41
        4.04893 2.000678458437 4.462143335257e-41
        4.0606 2.000346654164 8.295951595072e-41
        4.0723 2.000012817731 1.536483974232e-40
        4.08404 1.999676932278 2.83490732383e-40
        4.09581 1.999338985517 5.210849339092e-40
        4.10762 1.998998969266 9.542161066422e-40
        4.11946 1.998656859572 1.740857597794e-39
        4.13133 1.998312642216 3.164227301045e-39
        4.14324 1.997966306041 5.730197724474e-39
        4.15518 1.997617835251 1.033900112777e-38
        4.16716 1.997267217697 1.858677635089e-38
        4.17917 1.996914435708 3.329319701559e-38
        4.19121 1.996559474089 5.942131123584e-38
        4.2033 1.99620231505 1.056753210091e-37
        4.21541 1.995842945948 1.872659383509e-37
        4.22756 1.995481354993 3.306793528427e-37
        4.23975 1.995117514702 5.818721768655e-37
        4.25197 1.994751421919 1.020303603845e-36
        4.26422 1.994383055736 1.782877938525e-36
        4.27651 1.994012401371 3.104653606363e-36
        4.28884 1.993639436336 5.387818810433e-36
        4.3012 1.993264153289 9.318156175294e-36
        4.3136 1.992886531006 1.606101527194e-35
        4.32603 1.992506550654 2.758994244101e-35
        4.3385 1.992124199296 4.723589113562e-35
        4.35101 1.991739462585 8.060196504571e-35
        4.36355 1.991352317522 1.370818558203e-34
        4.37613 1.990962747751 2.323719635106e-34
        4.38874 1.990570742612 3.926136677473e-34
        4.40139 1.990176272948 6.612010220968e-34
        4.41408 1.989779329191 1.10993222643e-33
        4.4268 1.98937989944 1.857216903541e-33
        4.43956 1.988977956141 3.097707087026e-33
        4.45236 1.988573480531 5.150363820172e-33
        4.46519 1.98816646051 8.536179485948e-33
        4.47806 1.987756876329 1.410345199588e-32
        4.49097 1.987344707927 2.322906378627e-32
        4.50391 1.986929937956 3.814085938794e-32
        4.51689 1.986512546811 6.24323628339e-32
        4.52991 1.986092511353 1.018820314968e-31
        4.54297 1.985669825333 1.657531896877e-31
        4.55606 1.985244458454 2.688503293975e-31
        4.5692 1.98481639868 4.347619087994e-31
        4.58237 1.984385612152 7.009587329443e-31
        4.59558 1.98395209411 1.126785442017e-30
        4.60882 1.983515820067 1.805949233067e-30
        4.62211 1.983076773389 2.885978269229e-30
        4.63543 1.982634924609 4.598449447861e-30
        4.64879 1.98219026975 7.305807076907e-30
        4.66219 1.981742761604 1.157366622703e-29
        4.67563 1.981292406639 1.828214587018e-29
        4.6891 1.980839169129 2.879680498162e-29
        4.70262 1.980383037682 4.523033122323e-29
        4.71617 1.979923975951 7.084201874466e-29
        4.72977 1.979461974738 1.106458444639e-28
        4.7434 1.978997011771 1.723334518008e-28
        4.75707 1.978529065531 2.676711745272e-28
        4.77079 1.978058108082 4.146086497493e-28
        4.78454 1.977584120602 6.404526124544e-28
        4.79833 1.977107084476 9.866307476531e-28
        4.81216 1.976626977889 1.515822544362e-27
        4.82603 1.976143765343 2.32260406663e-27
        4.83994 1.975657433552 3.549294963059e-27
        4.85389 1.975167960532 5.409486499033e-27
        4.86788 1.974675320296 8.222879671398e-27
        4.88191 1.974179490775 1.246673249622e-26
        4.89598 1.973680446625 1.885163337373e-26
        4.91009 1.973178169284 2.843280806648e-26
        4.92425 1.972672619494 4.277319543915e-26
        4.93844 1.972163794999 6.418174429525e-26
        4.95268 1.971651657536 9.606073032609e-26
        4.96695 1.971136185016 1.434106583652e-25
        4.98127 1.970617347244 2.135623759653e-25
        4.99563 1.970095133059 3.17235934955e-25
        5.01002 1.969569498396 4.700681698128e-25
        5.02447 1.969040431918 6.948108968724e-25
        5.03895 1.968507896882 1.024486279013e-24
        5.05347 1.967971879083 1.506904805554e-24
        5.06804 1.967432342995 2.211118410314e-24
        5.08265 1.966889269183 3.236614822158e-24
        5.0973 1.966342625911 4.726385722046e-24
        5.11199 1.965792386142 6.885455591031e-24
        5.12672 1.965238528082 1.000708969646e-23
        5.1415 1.964681017783 1.450977489769e-23
        5.15632 1.96411982283 2.098927669328e-23
        5.17118 1.963554938704 3.029174468507e-23
        5.18609 1.962986307202 4.361613694862e-23
        5.20104 1.962413909155 6.265738081454e-23
        5.21603 1.961837718657 8.980601056814e-23
        5.23106 1.961257720254 1.284259133135e-22
        5.24614 1.960673862208 1.832398587115e-22
        5.26126 1.960086133066 2.608634009672e-22
        5.27643 1.959494477739 3.705425972639e-22
        5.29163 1.958898893949 5.251710009334e-22
        5.30689 1.958299339344 7.426885611861e-22
        5.32218 1.957695784136 1.048001475643e-21
        5.33752 1.957088194895 1.47561119221e-21
        5.35291 1.956476536576 2.073206526069e-21
        5.36834 1.955860787671 2.906560924584e-21
        5.38381 1.955240904359 4.066194599344e-21
        5.39933 1.954616869137 5.676417658969e-21
        5.41489 1.953988638364 7.907579065588e-21
        5.4305 1.953356186017 1.099262181532e-20
        5.44615 1.952719476527 1.524941102187e-20
        5.46185 1.952078474993 2.111078371524e-20
        5.47759 1.951433146494 2.916490571156e-20
        5.49338 1.950783449966 4.020935739499e-20
        5.50922 1.950129371837 5.532346679195e-20
        5.5251 1.949470857352 7.596484938014e-20
        5.54102 1.94880787879 1.040979839398e-19
        5.55699 1.948140404987 1.423651116389e-19
        5.57301 1.947468386493 1.943129256799e-19
        5.58907 1.946791807818 2.646926489577e-19
        5.60518 1.946110618256 3.598564795331e-19
        5.62134 1.945424782112 4.882802775511e-19
        5.63754 1.944734252546 6.612513502416e-19
        5.65379 1.944039015312 8.937716626219e-19
        5.67009 1.943339019672 1.205741684838e-18
        5.68643 1.942634221759 1.623508958296e-18
        5.70282 1.941924588662 2.181889862057e-18
        5.71926 1.941210082364 2.926804098642e-18
        5.73575 1.940490665885 3.918700968597e-18
        5.75228 1.939766300383 5.237006939626e-18
        5.76886 1.939036922115 6.985888064362e-18
        5.78549 1.938302519917 9.301701449187e-18
        5.80216 1.937563038684 1.236261383229e-17
        5.81889 1.936818442318 1.640099309563e-17
        5.83566 1.936068688615 2.171934366284e-17
        5.85248 1.935313721392 2.871076120373e-17
        5.86935 1.934553505908 3.788513962068e-17
        5.88627 1.933788013365 4.990268808573e-17
        5.90323 1.933017190357 6.561671994401e-17
        5.92025 1.932240989776 8.612817792426e-17
        5.93731 1.931459345625 1.128549940297e-16
        5.95443 1.93067224882 1.476201555993e-16
        5.97159 1.929879642696 1.92763342205e-16
        5.9888 1.929081468807 2.512821739251e-16
        6.00606 1.928277692822 3.270106203553e-16
        6.02337 1.927468269644 4.248439657599e-16
        6.04074 1.926653134342 5.510219821302e-16
        6.05815 1.925832255717 7.13484740951e-16
        6.07561 1.925005588667 9.223189804099e-16
        6.09312 1.924173064367 1.190317097423e-15
        6.11068 1.923334643339 1.53367596418e-15
        6.1283 1.922490275416 1.972869172727e-15
        6.14596 1.921639895805 2.533733874696e-15
        6.16368 1.920783475318 3.248822699828e-15
        6.18144 1.919920961643 4.159082863365e-15
        6.19926 1.919052297784 5.315938000632e-15
        6.21713 1.918177415691 6.78386526553e-15
        6.23505 1.917296277585 8.643580126485e-15
        6.25302 1.916408820531 1.099596637391e-14
        6.27104 1.915514988838 1.396691727066e-14
        6.28912 1.914614741087 1.771328997632e-14
        6.30725 1.913708016557 2.243021804285e-14
        6.32543 1.912794729362 2.836007722427e-14
        6.34366 1.911874877723 3.580345931253e-14
        6.36194 1.91094834374 4.513259003972e-14
        6.38028 1.910015113319 5.680769697368e-14
        6.39867 1.909075106142 7.139696176634e-14
        6.41712 1.908128254794 8.960079012678e-14
        6.43561 1.907174512695 1.122812962391e-13
        6.45416 1.906213832099 1.404980683587e-13
        6.47277 1.905246106387 1.755514917473e-13
        6.49142 1.904271313539 2.190351256729e-13
        6.51013 1.903289393833 2.72898973134e-13
        6.5289 1.902300247137 3.395257668657e-13
        6.54772 1.901303832304 4.218228011107e-13
        6.56659 1.900300074421 5.23332369313e-13
        6.58552 1.899288909308 6.483643274424e-13
        6.6045 1.898270246626 8.021550341222e-13
        6.62354 1.897244086156 9.910575560865e-13
        6.64263 1.8962102666 1.222769210441e-12
        6.66177 1.895168799332 1.506602890063e-12
        6.68098 1.894119553322 1.853810865931e-12
        6.70023 1.893062494687 2.277969863382e-12
        6.71955 1.891997553152 2.795439090755e-12
        6.73891 1.890924607278 3.42590391672e-12
        6.75834 1.889843635078 4.19302006178e-12
        6.77782 1.888754537656 5.12517676448e-12
        6.79735 1.887657250949 6.256398509415e-12
        6.81695 1.886551664205 7.627410093163e-12
        6.8366 1.885437734299 9.286891750538e-12
        6.8563 1.884315370232 1.129295787689e-11
        6.87606 1.883184499664 1.371489518759e-11
        6.89588 1.882045035837 1.66352044295e-11
        6.91576 1.8808968766 2.015199488998e-11
        6.93569 1.879739953172 2.438178852261e-11
        6.95568 1.878574189176 2.946280098791e-11
        6.97573 1.877399514247 3.555877432645e-11
        6.99584 1.876215806668 4.286345026663e-11
        7.016 1.875022981213 5.16057803306e-11
        7.03623 1.873820978997 6.205599069698e-11
        7.05651 1.872609700207 7.453263406315e-11
        7.07685 1.871388990253 8.941077611929e-11
        7.09725 1.870158847484 1.071314761242e-10
        7.1177 1.868919137421 1.282127885092e-10
        7.13822 1.867669778594 1.532624654904e-10
        7.15879 1.866410661093 1.829926451716e-10
        7.17943 1.865141677883 2.182367919956e-10
        7.20012 1.863862735155 2.599692192881e-10
        7.22088 1.862573747428 3.093275612072e-10
        7.24169 1.861274618631 3.676386105402e-10
        7.26256 1.859965201957 4.364479959217e-10
        7.2835 1.858645418792 5.175541849839e-10
        7.30449 1.857315194858 6.130474703803e-10
        7.32554 1.855974348704 7.253546121483e-10
        7.34666 1.854622870929 8.572897204026e-10
        7.36783 1.853260522881 1.012112606517e-09
        7.38907 1.851887303645 1.193594941545e-09
        7.41037 1.850503102285 1.406095987927e-09
        7.43173 1.849107700465 1.654648644173e-09
        7.45315 1.847701037971 1.945056972699e-09
        7.47463 1.84628301787 2.284007253058e-09
        7.49618 1.844853468845 2.679193845965e-09
        7.51778 1.843412329015 3.139461434229e-09
        7.53945 1.841959449463 3.674966461741e-09
        7.56119 1.840494657034 4.29735927317e-09
        7.58298 1.839017844776 5.019989576541e-09
        7.60484 1.837528964762 5.858138255185e-09
        7.62676 1.836027747961 6.829279486239e-09
        7.64874 1.834514157646 7.95337336306e-09
        7.67079 1.832988045374 9.253197381213e-09
        7.6929 1.831449248571 1.075471729151e-08
        7.71507 1.829897592375 1.248750339548e-08
        7.73731 1.828332999619 1.448519617804e-08
        7.75961 1.826755365928 1.678602898002e-08
        7.78198 1.825164381244 1.943341378883e-08
        7.80441 1.823560008427 2.247658912875e-08
        7.8269 1.821942068965 2.597135149098e-08
        7.84946 1.820310467013 2.998086424095e-08
        7.87209 1.818664922759 3.45765652695e-08
        7.89478 1.817005425114 3.983916479339e-08
        7.91753 1.815331635519 4.585977372815e-08
        7.94035 1.813643583748 5.274112962922e-08
        7.96324 1.811940929837 6.059899039813e-08
        7.98619 1.810223592466 6.956364321831e-08
        8.00921 1.808491335087 7.978160491594e-08
        8.0323 1.806744060242 9.141747878144e-08
        8.05545 1.804981581372 1.046560265348e-07
        8.07867 1.80320361112 1.19704449795e-07
        8.10196 1.801410079838 1.36794882716e-07
        8.12531 1.799600727848 1.561871845962e-07
        8.14873 1.797775408265 1.781719666307e-07
        8.17222 1.795933817113 2.030739661877e-07
        8.19577 1.794075911333 2.312556859222e-07
        8.2194 1.792201343822 2.631214966657e-07
        8.24309 1.790310083145 2.991219931977e-07
        8.26685 1.788401656279 3.397589617674e-07
        8.29067 1.786476080286 3.855905474107e-07
        8.31457 1.784533020006 4.372372118988e-07
        8.33854 1.782572211003 4.953880204277e-07
        8.36257 1.780593543558 5.608075444392e-07
        8.38668 1.778596800107 6.343434935585e-07
        8.41085 1.776581539727 7.169350310783e-07
        8.43509 1.774547711196 8.096215357758e-07
        8.45941 1.772494984749 9.135526193398e-07
        8.48379 1.770423111434 1.029998625323e-06
        8.50824 1.768331793224 1.160362236811e-06
        8.53277 1.766220899552 1.306190870377e-06
        8.55736 1.764089962211 1.469190618101e-06
        8.58203 1.761938900947 1.651240465583e-06
        8.60676 1.759767372039 1.854408736743e-06
        8.63157 1.757574998954 2.080970243816e-06
        8.65645 1.755361642961 2.333424648481e-06
        8.6814 1.753126828206 2.614517345917e-06
        8.70643 1.750870359329 2.927260541439e-06
        8.73152 1.748591866511 3.274957435514e-06
        8.75669 1.746291065778 3.661227309048e-06
        8.78193 1.743967545035 4.090033412057e-06
        8.80724 1.741621206064 4.56571162884e-06
        8.83263 1.739251464034 5.09300436916e-06
        8.85809 1.736857965562 5.677093510657e-06
        8.88362 1.734440532063 6.323637537165e-06
        8.90922 1.731998626317 7.038813610403e-06
        8.9349 1.72953194717 7.82935914191e-06
        8.96066 1.727040069348 8.702620141785e-06
        8.98649 1.724522602837 9.666601589359e-06
        9.01239 1.721979143366 1.073002289062e-05
        9.03836 1.719409300122 1.190237771134e-05
        9.06442 1.716812686447 1.319399924528e-05
        9.09054 1.714188695732 1.461613322099e-05
        9.11675 1.711536970457 1.618101218625e-05
        9.14302 1.708857024755 1.790194351892e-05
        9.16938 1.706148528316 1.979340036888e-05
        9.19581 1.703410686929 2.187113185189e-05
        9.22231 1.700643331122 2.415226467477e-05
        9.2489 1.697845765374 2.665544353451e-05
        9.27555 1.695017496127 2.940096331733e-05
        9.30229 1.692157843812 3.241093246003e-05
        9.3291 1.689266290573 3.570944390554e-05
        9.35599 1.686342435736 3.932277312085e-05
        9.38296 1.683385442656 4.327961468655e-05
        9.41001 1.680394936529 4.761131529767e-05
        9.43713 1.677370017025 5.235218543169e-05
        9.46433 1.674310186435 5.753980098197e-05
        9.49161 1.671214646166 6.321539444061e-05
        9.51897 1.668082854384 6.942425927887e-05
        9.54641 1.664913887839 7.621625585588e-05
        9.57392 1.661707103875 8.364633559934e-05
        9.60152 1.658461642621 9.177518924435e-05
        9.62919 1.655176858544 0.0001006699411286
        9.65695 1.651851744989 0.0001104049968354
        9.68478 1.648485446192 0.0001210629451051
        9.7127 1.645077187251 0.0001327356153185
        9.74069 1.641625830266 0.0001455253133701
        9.76877 1.638130527219 0.0001595461334162
        9.79693 1.634590142503 0.0001749255468678
        9.82517 1.631003742722 0.0001918060970634
        9.85349 1.62737014849 0.0002103474044637
        9.88189 1.623688419234 0.0002307283115418
        9.91037 1.619957025099 0.0002531494600828
        9.93894 1.616175079628 0.0002778358743251
        9.96758 1.612341118908 0.0003050402057928
        9.99631 1.608453470245 0.0003350461063299
        10.0251 1.604511299336 0.0003681717747498
        10.054 1.600513031238 0.0004047744116948
        10.083 1.596456856497 0.0004452547148564
        10.1121 1.592341315605 0.0004900617179898
        10.1412 1.588164899564 0.0005396983098279
        10.1704 1.583925698824 0.0005947272660078
        10.1998 1.579622225683 0.0006557773549087
        10.2292 1.575252270088 0.0007235506391303
        10.2586 1.570814199181 0.0007988293312104
        10.2882 1.56630602578 0.0008824840242471
        10.3179 1.561725407766 0.0009754821138739
        10.3476 1.557070777377 0.001078895938022
        10.3774 1.55233930853 0.001193913319758
        10.4073 1.547529355305 0.001321845646644
        10.4373 1.542638344003 0.001464139429048
        10.4674 1.5376638935 0.001622385941458
        10.4976 1.532603501985 0.001798332180137
        10.5279 1.527454924683 0.001993891339851
        10.5582 1.522215753629 0.002211154272623
        10.5886 1.516883598281 0.002452400367894
        10.6192 1.511455491549 0.002720109610676
        10.6498 1.505929102357 0.003016971574273
        10.6805 1.500302179785 0.003345896620567
        10.7112 1.494571887098 0.003710027587637
        10.7421 1.488735883538 0.004112747187448
        10.7731 1.482791893574 0.004557687611817
        10.8041 1.476737447457 0.005048739388984
        10.8353 1.470570381591 0.005590056930688
        10.8665 1.464288253653 0.006186066377834
        10.8978 1.457889683962 0.006841464575347
        10.9292 1.451372618097 0.007561228691772
        10.9607 1.444735091173 0.008350614919155
        10.9923 1.43797597261 0.009215153217655
        11.024 1.431094334019 0.01016064681144
        11.0558 1.424088710303 0.01119317257937
        11.0877 1.416958905077 0.01231906063803
        11.1196 1.409704395146 0.01354489507219
        11.1517 1.402325650274 0.01487748940028
        11.1838 1.394822705707 0.01632388350735
        11.216 1.387197006438 0.01789130465874
        11.2484 1.379449309078 0.01958716819028
        11.2808 1.371582047605 0.02141902138479
        11.3133 1.363597486484 0.02339453636206
        11.3459 1.35549805092 0.02552147471813
        11.3786 1.347287963443 0.02780761932727
        11.4114 1.338970607979 0.0302607806251
        11.4443 1.330551451391 0.03288869244734
        11.4773 1.322035388242 0.03569901806853
        11.5104 1.313428755698 0.0386992503023
        11.5436 1.304737730739 0.04189669521113
        11.5768 1.295970395417 0.04529834897925
        11.6102 1.287134309882 0.04891090656551
        11.6437 1.278238075233 0.05274064584982
        11.6772 1.269291737246 0.05679333153435
        11.7109 1.260304333315 0.06107424422439
        11.7446 1.251287464017 0.06558794640825
        11.7785 1.24225260596 0.07033831642759
        11.8124 1.233210091053 0.0753285434342
        11.8465 1.224173788132 0.08056077744811
        11.8806 1.215155512023 0.08603637270581
        11.9149 1.206168753352 0.09175558660402
        11.9492 1.197226911139 0.09771761461073
        11.9837 1.188342992919 0.1039205554006
        12.0182 1.179531315211 0.1103612047673
        12.0529 1.170805058723 0.1170352057143
        12.0876 1.162177174468 0.1239369399367
        12.1224 1.153661654647 0.1310593520207
        12.1574 1.14527063112 0.1383942316695
        12.1924 1.137016137308 0.1459320327479
        12.2276 1.128909181469 0.153661993328
        12.2628 1.120960706289 0.1615720391408
        12.2982 1.113178982935 0.1696491974877
        12.3336 1.105572907804 0.1778792056838
        12.3692 1.09814905874 0.1862470258514
        12.4048 1.0909118392 0.1947369749482
        12.4406 1.083865533874 0.203332505894
        12.4764 1.077011741059 0.2120168002574
        12.5124 1.070351239464 0.2207726004427
        12.5484 1.063881883406 0.2295828056678
        12.5846 1.057600293223 0.2384303420212
        12.6209 1.051501531506 0.2472984167072
        12.6573 1.045578393715 0.2561708902399
        12.6937 1.039822597601 0.2650322094492
        12.7303 1.034223404727 0.273867950753
        12.767 1.028768817782 0.2826647361773
        12.8038 1.02344588935 0.2914103275946
        12.8407 1.01823970618 0.3000940875294
        12.8777 1.013135463698 0.3087065526436
        12.9149 1.008116052003 0.3172402879014
        12.9521 1.00316417317 0.3256894059812
        12.9894 0.9982620217976 0.3340497668598
        13.0269 0.9933910343211 0.3423191644236
        13.0644 0.9885325198983 0.3504972074262
        13.1021 0.9836685220575 0.3585850711238
        13.1398 0.9787797561731 0.3665862857715
        13.1777 0.9738476035357 0.3745060830998
        13.2157 0.9688545774587 0.3823512213152
        13.2538 0.9637841113136 0.3901300523342
        13.292 0.9586192863411 0.3978530385453
        13.3303 0.953342803542 0.4055328168422
        13.3687 0.9479418479571 0.4131821328663
        13.4073 0.9424007504491 0.4208169158848
        13.4459 0.9367086004079 0.4284529839922
        13.4847 0.9308546529039 0.4361079737036
        13.5235 0.9248281522706 0.4438014510021
        13.5625 0.9186213271846 0.4515534801762
        13.6016 0.9122276842711 0.4593853508854
        13.6408 0.9056426054549 0.4673192346894
        13.6801 0.8988641180931 0.4753777035223
        13.7196 0.891891214515 0.483584509939
        13.7591 0.8847247284169 0.4919640723844
        13.7988 0.8773688431734 0.5005405224098
        13.8385 0.869829352657 0.5093385067936
        13.8784 0.8621151246658 0.518382200156
        13.9184 0.8542365614248 0.5276960137326
        13.9585 0.8462069906409 0.5373035685018
        13.9988 0.8380419635084 0.5472278641095
        14.0391 0.8297591159222 0.5574911074901
        14.0796 0.8213799645178 0.5681131823189
        14.1202 0.8129270277628 0.5791131856145
        14.1609 0.8044261028838 0.5905074841161
        14.2017 0.7959041296327 0.6023107676323
        14.2426 0.787390385803 0.6145347361664
        14.2837 0.7789154395388 0.627188376182
        14.3248 0.7705098359475 0.6402785608155
        14.3661 0.7622084289094 0.65380597699
        14.4075 0.7540423112282 0.6677712929412
        14.4491 0.74604464472 0.6821699298367
        14.4907 0.7382480503712 0.6969938060123
        14.5325 0.7306826917461 0.7122328526716
        14.5744 0.7233792221746 0.7278720098994
        14.6164 0.7163648864607 0.7438948046882
        14.6585 0.7096661384147 0.7602807353834
        14.7008 0.7033053750165 0.7770086950463
        14.7431 0.6973038476884 0.794054071963
        14.7856 0.6916773813421 0.8113937600784
        14.8282 0.686442493862 0.8289995532067
        14.871 0.6816100562691 0.8468458123734
        14.9139 0.6771892503528 0.8649053551361
        14.9568 0.6731862920728 0.8831514386999
        15 0.6696039794456 0.901558940257
        15.0432 0.6664442265166 0.9201015395358
        15.0865 0.6637070787851 0.9387533822225
        15.13 0.6613878583043 0.9574936716885
        15.1736 0.6594837939728 0.9762977889812
        15.2174 0.657988505706 0.9951454814351
        15.2612 0.6568937749276 1.014018869536
        15.3052 0.6561930566713 1.032897354114
        15.3493 0.6558761436887 1.051766067305
        15.3936 0.6559337086658 1.070609136771
        15.438 0.6563570842939 1.08941004448
        15.4825 0.6571330679062 1.108160416164
        15.5271 0.6582530819654 1.126845032315
        15.5718 0.6597050720372 1.14545538599
        15.6167 0.6614794031434 1.163979806776
        15.6617 0.6635632897785 1.182413161153
        15.7069 0.6659475406249 1.200745083681
        15.7522 0.6686201010162 1.218971402585
        15.7976 0.6715717276147 1.237083999545
        15.8431 0.6747916547026 1.255078618719
        15.8888 0.6782694270477 1.272951575239
        15.9346 0.6819958894566 1.290697852923
        15.9805 0.6859608274381 1.308315498319
        16.0265 0.6901555404829 1.32580074579
        16.0727 0.6945703437061 1.343152730262
        16.1191 0.69919766388 1.36036750846
        16.1655 0.7040285341988 1.377444773738
        16.2121 0.7090542171578 1.394384720754
        16.2589 0.7142677320534 1.411184986587
        16.3057 0.7196611341946 1.427845943772
        16.3527 0.7252274868447 1.444366788709
        16.3998 0.7309596826547 1.460747831507
        16.4471 0.7368510285754 1.476989302922
        16.4945 0.7428950461273 1.493091715624
        16.5421 0.7490851449234 1.509056489144
        16.5898 0.7554163824662 1.524882372258
        16.6376 0.7618813284517 1.540573747939
        16.6855 0.7684765243464 1.556127568815
        16.7336 0.7751946380243 1.571549180717
        16.7819 0.7820318213297 1.5868374151
        16.8302 0.7889827116828 1.601994681013
        16.8787 0.7960429057914 1.617021930254
        16.9274 0.8032072360062 1.631922133666
        16.9762 0.8104723378267 1.646695045402
        17.0251 0.8178335957148 1.661343388568
        17.0742 0.8252870238703 1.675869016704
        17.1234 0.8328288001877 1.690273844106
        17.1728 0.8404552610717 1.704559841285
        17.2222 0.848162896612 1.718729030908
        17.2719 0.855948346124 1.732783484184
        17.3217 0.863808394055 1.746725317623
        17.3716 0.8717399662451 1.760556690141
        17.4217 0.8797401265533 1.774279800432
        17.4719 0.8878060738267 1.787896884595
        17.5223 0.8959351392179 1.80141021395
        17.5728 0.9041247838329 1.814822093016
        17.6234 0.9123725967035 1.828134857606
        17.6742 0.9206762930689 1.841350873008
        17.7251 0.9290337129543 1.854472532218
        17.7762 0.9374428200347 1.867502254187
        17.8275 0.94590170076 1.880442482068
        17.8789 0.954408563733 1.893295681413
        17.9304 0.9629617393155 1.906064338311
        17.9821 0.9715596794473 1.918750957441
        18.0339 0.9802009576516 1.931358060008
        18.0859 0.9888842692152 1.943888181548
        18.138 0.9976084315079 1.956343869585
        18.1903 1.006372384429 1.968727681124
        18.2427 1.015175190946 1.981042179952
        18.2953 1.024016037716 1.993289933755
        18.348 1.03289423574 2.005473511025
        18.4009 1.041809221047 2.017595477751
        18.454 1.050760555367 2.029658393894
        18.5072 1.05974792677 2.041664809636
        18.5605 1.068771150243 2.053617261394
        18.614 1.077830168173 2.065518267627
        18.6677 1.086925050715 2.077370324395
        18.7215 1.096055996017 2.089175900715
        18.7754 1.105223330255 2.100937433711
        18.8295 1.114427507495 2.112657323537
        18.8838 1.123669109297 2.124337928142
        18.9383 1.132948844092 2.135981557834
        18.9928 1.142267546263 2.14759046971
        19.0476 1.151626174939 2.159166861926
        19.1025 1.161025812461 2.170712867863
        19.1575 1.170467662506 2.182230550202
        19.2128 1.17995304785 2.193721894922
        19.2681 1.189483407761 2.205188805262
        19.3237 1.199060294994 2.216633095681
        19.3794 1.208685372384 2.228056485825
        19.4352 1.218360409036 2.23946059456
        19.4913 1.228087276087 2.250846934088
        19.5474 1.237867942058 2.262216904178
        19.6038 1.24770446777 2.273571786568
        19.6603 1.257599000857 2.284912739554
        19.717 1.267553769859 2.296240792805
        19.7738 1.277571077907 2.307556842453
        19.8308 1.287653296021 2.318861646482
        19.8879 1.297802856033 2.330155820455
        19.9453 1.308022243149 2.341439833614
        20.0028 1.318313988177 2.352714005393
        20.0604 1.328680659448 2.363978502352
        20.1182 1.339124854445 2.375233335608
        20.1762 1.349649191195 2.386478358732
        20.2344 1.360256299432 2.397713266197
        20.2927 1.370948811582 2.408937592346
        20.3512 1.381729353613 2.420150710951
        20.4099 1.39260053577 2.43135183534
        20.4687 1.403564943261 2.442540019126
        20.5277 1.414625126924 2.453714157551
        20.5868 1.425783593926 2.464872989431
        20.6462 1.437042798533 2.476015099748
        20.7057 1.448405133009 2.487138922825
        20.7654 1.459872918684 2.498242746149
        20.8252 1.471448397234 2.509324714782