0.10 1.867880 0.000000
0.20 1.867880 0.000000
0.30 1.867880 0.000000
0.40 1.867880 0.000000
0.50 1.867880 0.000000
0.60 1.867880 0.000000
0.70 1.867880 0.000000
0.80 1.867880 0.000000
0.90 1.867880 0.000000
1.00 1.867880 0.000000
1.10 1.867880 0.000000
1.20 1.867880 0.000000
1.30 1.867880 0.000000
1.40 1.867880 0.000000
1.50 1.868916 0.000000
1.60 1.869952 0.000000
1.70 1.869523 0.000000
1.80 1.867449 0.000000
1.90 1.865375 0.000000
2.00 1.862265 0.000000
2.10 1.858119 0.000000
2.20 1.855438 0.000000
2.30 1.854402 0.000000
2.40 1.854034 0.000000
2.50 1.853456 0.000000
2.60 1.853395 0.000000
2.70 1.851323 0.000000
2.80 1.849251 0.000000
2.90 1.846511 0.000000
3.00 1.842032 0.000000
3.10 1.836911 0.000000
3.20 1.834838 0.000000
3.30 1.830742 0.000000
3.40 1.825589 0.000000
3.50 1.823187 0.000000
3.60 1.822151 0.000000
3.70 1.819870 0.000000
3.80 1.818784 0.000000
3.90 1.818755 0.000000
4.00 1.817695 0.000000
4.10 1.815620 0.000000
4.20 1.813180 0.000000
4.30 1.810835 0.000000
4.40 1.807361 0.000000
4.50 1.802818 0.000000
4.60 1.797595 0.000000
4.70 1.790139 0.000000
4.80 1.780049 0.000000
4.90 1.769384 0.000000
5.00 1.758749 0.000000
5.10 1.747157 0.000000
5.20 1.738371 0.000000
5.30 1.731769 0.000000
5.40 1.722490 0.000000
5.50 1.714376 0.000000
5.60 1.706345 0.000000
5.70 1.696244 0.000000
5.80 1.685324 0.000000
5.90 1.676851 0.000000
6.00 1.666694 0.000000
6.10 1.655963 0.000000
6.20 1.644646 0.000000
6.30 1.633797 0.000000
6.40 1.622277 0.000000
6.50 1.608009 0.000000
6.60 1.595208 0.000000
6.70 1.580619 0.000000
6.80 1.563080 0.000000
6.90 1.543965 0.000000
7.00 1.524973 0.000000
7.10 1.501362 0.000000
7.20 1.474775 0.000493
7.30 1.447363 0.001714
7.40 1.417710 0.003740
7.50 1.384298 0.007419
7.60 1.350448 0.014390
7.70 1.312781 0.025752
7.80 1.271394 0.043627
7.90 1.228683 0.066915
8.00 1.185178 0.094515
8.10 1.143089 0.126791
8.20 1.105521 0.163495
8.30 1.068006 0.204836
8.40 1.029831 0.252196
8.50 0.995249 0.304525
8.60 0.958367 0.362206
8.70 0.920002 0.425447
8.80 0.886070 0.489702
8.90 0.857709 0.562516
9.00 0.832806 0.646187
9.10 0.815123 0.733526
9.20 0.805641 0.827323
9.30 0.804064 0.931470
9.40 0.814148 1.035488
9.50 0.833790 1.136754
9.60 0.865340 1.238007
9.70 0.907277 1.334173
9.80 0.958035 1.428263
9.90 1.016332 1.517785
10.00 1.085047 1.598979
10.10 1.169487 1.672835
10.20 1.262312 1.742663
10.30 1.355149 1.805183
10.40 1.463324 1.860397
10.50 1.568856 1.910564
10.60 1.671275 1.951860
10.70 1.771823 1.980942
10.80 1.877763 1.996164
10.90 1.974953 2.001650
11.00 2.077007 1.998465
11.10 2.172204 1.990677
11.20 2.289274 1.976925
11.30 2.400627 1.952928
11.40 2.495101 1.922931
11.50 2.577761 1.887992
11.60 2.655251 1.844606
11.70 2.703687 1.800570
11.80 2.756829 1.756810
11.90 2.827676 1.704203
12.00 2.897387 1.644624
12.10 2.961030 1.586627
12.20 3.029497 1.521485
12.30 3.092957 1.452282
12.40 3.138768 1.385230
12.50 3.180838 1.321416
12.60 3.219360 1.248924
12.70 3.246302 1.177521
12.80 3.266056 1.110850
12.90 3.283438 1.047877
13.00 3.297906 0.985816
13.10 3.309687 0.931648
13.20 3.318500 0.878713
13.30 3.322933 0.820846
13.40 3.323610 0.760313
13.50 3.322662 0.703453
13.60 3.318455 0.648913
13.70 3.310063 0.599103
13.80 3.297963 0.557255
13.90 3.291552 0.538361
14.00 3.282446 0.518702
