0.50 2.8968 0.5838
        0.51 2.8633 0.4637
        0.52 2.8277 0.4209
        0.53 2.7906 0.4012
        0.54 2.7527 0.3894
        0.55 2.7145 0.3820
        0.56 2.6764 0.3776
        0.57 2.6388 0.3753
        0.58 2.6019 0.3745
        0.59 2.5661 0.3749
        0.60 2.5310 0.3762
        0.61 2.4966 0.3781
        0.62 2.4627 0.3807
        0.63 2.4291 0.3839
        0.64 2.3956 0.3876
        0.65 2.3622 0.3918
        0.66 2.3284 0.3965
        0.67 2.2942 0.4017
        0.68 2.2598 0.4074
        0.69 2.2256 0.4138
        0.70 2.1923 0.4208
        0.71 2.1599 0.4286
        0.72 2.1286 0.4376
        0.73 2.0980 0.4483
        0.74 2.0678 0.4627
        0.75 2.0377 0.6064
        0.76 2.0076 0.6279
        0.77 1.9771 0.6447
        0.78 1.9458 0.6599
        0.79 1.9142 0.6745
        0.80 1.8846 0.6892
        0.81 1.8584 0.7048
        0.82 1.8352 0.7226
        0.83 1.8138 0.7483
        0.84 1.7936 0.8683
        0.85 1.7742 0.9000
        0.86 1.7557 0.9227
        0.87 1.7378 0.9430
        0.88 1.7208 0.9628
        0.89 1.7047 0.9836
        0.90 1.6898 1.0079
        0.91 1.6766 1.0455
        0.92 1.6653 1.1171
        0.93 1.6562 1.1666
        0.94 1.6489 1.2030
        0.95 1.6432 1.2362
        0.96 1.6385 1.2693
        0.97 1.6346 1.3051
        0.98 1.6313 1.3463
        0.99 1.6286 1.3934
        1.00 1.6266 1.4430
        1.01 1.6252 1.4905
        1.02 1.6244 1.5346
        1.03 1.6242 1.5759
        1.04 1.6248 1.6152
        1.05 1.6260 1.6527
        1.06 1.6278 1.6881
        1.07 1.6303 1.7208
        1.08 1.6334 1.7515
        1.09 1.6370 1.7813
        1.10 1.6411 1.8110
        1.11 1.6456 1.8409
        1.12 1.6505 1.8710
        1.13 1.6558 1.9017
        1.14 1.6613 1.9330
        1.15 1.6670 1.9655
        1.16 1.6730 1.9994
        1.17 1.6791 2.0336
        1.18 1.6855 2.0668
        1.19 1.6921 2.0985
        1.20 1.6988 2.1291
        1.21 1.7057 2.1586
        1.22 1.7128 2.1871
        1.23 1.7202 2.2144
        1.24 1.7277 2.2405
        1.25 1.7354 2.2664
        1.26 1.7433 2.2944
        1.27 1.7514 2.3301
        1.28 1.7598 2.3910
        1.29 1.7685 2.4461
        1.30 1.7774 2.4799
        1.31 1.7866 2.5064
        1.32 1.7960 2.5310
        1.33 1.8058 2.5559
        1.34 1.8160 2.5837
        1.35 1.8265 2.6205
        1.36 1.8374 2.6730
        1.37 1.8487 2.7138
        1.38 1.8605 2.7388
        1.39 1.8728 2.7560
        1.40 1.8859 2.7691
        1.41 1.8996 2.7801
        1.42 1.9138 2.7899
        1.43 1.9281 2.7989
        1.44 1.9415 2.8075
        1.45 1.9527 2.8158
        1.46 1.9581 2.8239
        1.47 1.9456 2.8320
        1.48 1.8724 2.8402
        1.49 1.8327 2.8485
        1.50 1.8413 2.8571
        1.51 1.8590 2.8660
        1.52 1.8785 2.8752
        1.53 1.8971 2.8850
        1.54 1.9137 2.8952
        1.55 1.9277 2.9058
        1.56 1.9397 2.9170
        1.57 1.9503 2.9286
        1.58 1.9599 2.9408
        1.59 1.9688 2.9536
        1.60 1.9774 2.9671
        1.61 1.9857 2.9814
        1.62 1.9941 2.9968
        1.63 2.0027 3.0134
        1.64 2.0117 3.0321
        1.65 2.0210 3.0542
        1.66 2.0307 3.0826
        1.67 2.0409 3.1202
        1.68 2.0515 3.1591
        1.69 2.0626 3.1860
        1.70 2.0742 3.2054
        1.71 2.0861 3.2220
        1.72 2.0985 3.2375
        1.73 2.1113 3.2527
        1.74 2.1245 3.2682
        1.75 2.1380 3.2846
        1.76 2.1519 3.3028
        1.77 2.1662 3.3238
        1.78 2.1807 3.3485
        1.79 2.1955 3.3765
        1.80 2.2105 3.4066
        1.81 2.2257 3.4366
        1.82 2.2411 3.4636
        1.83 2.2567 3.4855
        1.84 2.2725 3.5039
        1.85 2.2883 3.5209
        1.86 2.3043 3.5381
        1.87 2.3205 3.5571
        1.88 2.3367 3.5793
        1.89 2.3530 3.6052
        1.90 2.3695 3.6331
        1.91 2.3860 3.6610
        1.92 2.4026 3.6873
        1.93 2.4192 3.7107
        1.94 2.4359 3.7305
        1.95 2.4527 3.7462
        1.96 2.4695 3.7588
        1.97 2.4863 3.7694
        1.98 2.5031 3.7790
        1.99 2.5199 3.7885
        2.00 2.5367 3.7987
        2.01 2.5534 3.8105
        2.02 2.5700 3.8249
        2.03 2.5866 3.8433
        2.04 2.6031 3.8657
        2.05 2.6194 3.8910
        2.06 2.6357 3.9174
        2.07 2.6517 3.9433
        2.08 2.6677 3.9666
        2.09 2.6835 3.9862
        2.10 2.6991 4.0013
        2.11 2.7146 4.0131
        2.12 2.7299 4.0227
        2.13 2.7452 4.0312
        2.14 2.7604 4.0393
        2.15 2.7755 4.0473
        2.16 2.7905 4.0557
        2.17 2.8055 4.0647
        2.18 2.8205 4.0745
        2.19 2.8354 4.0852
        2.20 2.8504 4.0967
        2.21 2.8654 4.1088
        2.22 2.8803 4.1215
        2.23 2.8954 4.1346
        2.24 2.9104 4.1482
        2.25 2.9255 4.1620
        2.26 2.9407 4.1762
        2.27 2.9560 4.1907
        2.28 2.9713 4.2053
        2.29 2.9867 4.2202
        2.30 3.0022 4.2353
        2.31 3.0177 4.2506
        2.32 3.0333 4.2660
        2.33 3.0489 4.2814
        2.34 3.0645 4.2966
        2.35 3.0801 4.3113
        2.36 3.0958 4.3251
        2.37 3.1114 4.3379
        2.38 3.1271 4.3498
        2.39 3.1427 4.3609
        2.40 3.1583 4.3715
        2.41 3.1738 4.3816
        2.42 3.1894 4.3914
        2.43 3.2048 4.4010
        2.44 3.2202 4.4105
        2.45 3.2356 4.4197
        2.46 3.2509 4.4289
        2.47 3.2660 4.4380
        2.48 3.2811 4.4470
        2.49 3.2961 4.4559
        2.50 3.3110 4.4648
        2.51 3.3257 4.4736
        2.52 3.3404 4.4824
        2.53 3.3549 4.4911
        2.54 3.3693 4.4998
        2.55 3.3835 4.5084
        2.56 3.3977 4.5171
        2.57 3.4117 4.5257
        2.58 3.4255 4.5343
        2.59 3.4392 4.5429
        2.60 3.4528 4.5515
        2.61 3.4662 4.5602
        2.62 3.4795 4.5690
        2.63 3.4926 4.5780
        2.64 3.5056 4.5872
        2.65 3.5185 4.5966
        2.66 3.5312 4.6064
        2.67 3.5438 4.6164
        2.68 3.5563 4.6268
        2.69 3.5686 4.6375
        2.70 3.5809 4.6484
        2.71 3.5930 4.6595
        2.72 3.6051 4.6707
        2.73 3.6171 4.6819
        2.74 3.6291 4.6930
        2.75 3.6410 4.7041
        2.76 3.6529 4.7151
        2.77 3.6647 4.7260
        2.78 3.6765 4.7367
        2.79 3.6883 4.7471
        2.80 3.7000 4.7573
        2.81 3.7118 4.7672
        2.82 3.7235 4.7767
        2.83 3.7353 4.7859
        2.84 3.7471 4.7947
        2.85 3.7588 4.8029
        2.86 3.7706 4.8108
        2.87 3.7825 4.8182
        2.88 3.7943 4.8253
        2.89 3.8062 4.8320
        2.90 3.8181 4.8386
        2.91 3.8300 4.8449
        2.92 3.8420 4.8512
        2.93 3.8540 4.8573
        2.94 3.8660 4.8635
        2.95 3.8781 4.8697
        2.96 3.8901 4.8760
        2.97 3.9022 4.8824
        2.98 3.9143 4.8890
        2.99 3.9265 4.8958
        3.00 3.9386 4.9028
        3.01 3.9508 4.9101
        3.02 3.9629 4.9176
        3.03 3.9751 4.9253
        3.04 3.9873 4.9331
        3.05 3.9995 4.9412
        3.06 4.0118 4.9493
        3.07 4.0240 4.9576
        3.08 4.0362 4.9661
        3.09 4.0485 4.9746
        3.10 4.0607 4.9833
        3.11 4.0730 4.9921
        3.12 4.0853 5.0010
        3.13 4.0975 5.0099
        3.14 4.1098 5.0190
        3.15 4.1221 5.0281
        3.16 4.1344 5.0373
        3.17 4.1466 5.0466
        3.18 4.1589 5.0560
        3.19 4.1712 5.0654
        3.20 4.1835 5.0749
        3.21 4.1958 5.0844
        3.22 4.2081 5.0939
        3.23 4.2204 5.1033
        3.24 4.2327 5.1125
        3.25 4.2450 5.1217
        3.26 4.2574 5.1306
        3.27 4.2697 5.1393
        3.28 4.2821 5.1478
        3.29 4.2944 5.1561
        3.30 4.3068 5.1642
        3.31 4.3192 5.1721
        3.32 4.3316 5.1799
        3.33 4.3441 5.1874
        3.34 4.3565 5.1949
        3.35 4.3690 5.2022
        3.36 4.3815 5.2095
        3.37 4.3940 5.2167
        3.38 4.4065 5.2238
        3.39 4.4190 5.2309
        3.40 4.4316 5.2379
        3.41 4.4441 5.2450
        3.42 4.4567 5.2520
        3.43 4.4693 5.2589
        3.44 4.4818 5.2659
        3.45 4.4944 5.2729
        3.46 4.5070 5.2798
        3.47 4.5196 5.2868
        3.48 4.5322 5.2938
        3.49 4.5448 5.3008
        3.50 4.5574 5.3078
        3.51 4.5700 5.3149
        3.52 4.5825 5.3220
        3.53 4.5951 5.3292
        3.54 4.6077 5.3365
        3.55 4.6203 5.3438
        3.56 4.6328 5.3512
        3.57 4.6454 5.3586
        3.58 4.6580 5.3661
        3.59 4.6705 5.3736
        3.60 4.6831 5.3812
        3.61 4.6956 5.3887
        3.62 4.7081 5.3962
        3.63 4.7207 5.4036
        3.64 4.7332 5.4109
        3.65 4.7457 5.4182
        3.66 4.7582 5.4253
        3.67 4.7707 5.4323
        3.68 4.7832 5.4392
        3.69 4.7957 5.4459
        3.70 4.8082 5.4525
        3.71 4.8206 5.4590
        3.72 4.8331 5.4653
        3.73 4.8455 5.4715
        3.74 4.8579 5.4775
        3.75 4.8703 5.4835
        3.76 4.8827 5.4893
        3.77 4.8951 5.4950
        3.78 4.9075 5.5006
        3.79 4.9198 5.5061
        3.80 4.9322 5.5115
        3.81 4.9446 5.5168
        3.82 4.9570 5.5219
        3.83 4.9694 5.5269
        3.84 4.9818 5.5318
        3.85 4.9943 5.5366
        3.86 5.0069 5.5413
        3.87 5.0195 5.5458
        3.88 5.0322 5.5502
        3.89 5.0450 5.5545
        3.90 5.0578 5.5586
        3.91 5.0706 5.5626
        3.92 5.0835 5.5665
        3.93 5.0964 5.5702
        3.94 5.1093 5.5739
        3.95 5.1221 5.5775
        3.96 5.1349 5.5810
        3.97 5.1477 5.5845
        3.98 5.1604 5.5880
        3.99 5.1730 5.5914
        4.00 5.1856 5.5948
        4.01 5.1980 5.5982
        4.02 5.2103 5.6017
        4.03 5.2225 5.6051
        4.04 5.2346 5.6086
        4.05 5.2466 5.6122
        4.06 5.2584 5.6158
        4.07 5.2700 5.6194
        4.08 5.2816 5.6232
        4.09 5.2930 5.6270
        4.10 5.3043 5.6308
        4.11 5.3155 5.6348
        4.12 5.3266 5.6388
        4.13 5.3377 5.6429
        4.14 5.3488 5.6471
        4.15 5.3598 5.6513
        4.16 5.3707 5.6556
        4.17 5.3817 5.6598
        4.18 5.3927 5.6641
        4.19 5.4037 5.6684
        4.20 5.4146 5.6727
        4.21 5.4257 5.6769
        4.22 5.4367 5.6812
        4.23 5.4478 5.6854
        4.24 5.4590 5.6895
        4.25 5.4702 5.6937
        4.26 5.4815 5.6978
        4.27 5.4928 5.7018
        4.28 5.5042 5.7057
        4.29 5.5155 5.7096
        4.30 5.5269 5.7134
        4.31 5.5383 5.7171
        4.32 5.5497 5.7207
        4.33 5.5611 5.7242
        4.34 5.5724 5.7275
        4.35 5.5838 5.7308
        4.36 5.5951 5.7339
        4.37 5.6064 5.7368
        4.38 5.6176 5.7396
        4.39 5.6288 5.7422
        4.40 5.6400 5.7446
        4.41 5.6511 5.7468
        4.42 5.6621 5.7489
        4.43 5.6731 5.7509
        4.44 5.6840 5.7526
        4.45 5.6948 5.7543
        4.46 5.7055 5.7558
        4.47 5.7162 5.7572
        4.48 5.7268 5.7585
        4.49 5.7372 5.7597
        4.50 5.7476 5.7608
        4.51 5.7579 5.7619
        4.52 5.7682 5.7629
        4.53 5.7783 5.7638
        4.54 5.7884 5.7647
        4.55 5.7984 5.7656
        4.56 5.8083 5.7664
        4.57 5.8181 5.7673
        4.58 5.8279 5.7681
        4.59 5.8376 5.7690
        4.60 5.8473 5.7700
        4.61 5.8569 5.7709
        4.62 5.8664 5.7719
        4.63 5.8759 5.7730
        4.64 5.8853 5.7742
        4.65 5.8947 5.7754
        4.66 5.9040 5.7768
        4.67 5.9133 5.7781
        4.68 5.9225 5.7796
        4.69 5.9317 5.7811
        4.70 5.9409 5.7827
        4.71 5.9500 5.7843
        4.72 5.9591 5.7860
        4.73 5.9681 5.7877
        4.74 5.9771 5.7895
        4.75 5.9861 5.7913
        4.76 5.9951 5.7932
        4.77 6.0040 5.7951
        4.78 6.0129 5.7971
        4.79 6.0218 5.7990
        4.80 6.0306 5.8010
        4.81 6.0395 5.8031
        4.82 6.0483 5.8052
        4.83 6.0571 5.8072
        4.84 6.0658 5.8094
        4.85 6.0746 5.8115
        4.86 6.0834 5.8136
        4.87 6.0921 5.8158
        4.88 6.1008 5.8180
        4.89 6.1095 5.8202
        4.90 6.1182 5.8224
        4.91 6.1269 5.8246
        4.92 6.1356 5.8268
        4.93 6.1442 5.8290
        4.94 6.1529 5.8312
        4.95 6.1615 5.8335
        4.96 6.1701 5.8357
        4.97 6.1787 5.8379
        4.98 6.1873 5.8401
        4.99 6.1960 5.8424
        5.00 6.2045 5.8446
        5.01 6.2131 5.8468
        5.02 6.2217 5.8490
        5.03 6.2303 5.8512
        5.04 6.2389 5.8534
        5.05 6.2474 5.8556
        5.06 6.2560 5.8578
        5.07 6.2646 5.8600
        5.08 6.2731 5.8622
        5.09 6.2817 5.8643
        5.10 6.2902 5.8665
        5.11 6.2988 5.8687
        5.12 6.3073 5.8708
        5.13 6.3159 5.8729
        5.14 6.3244 5.8750
        5.15 6.3329 5.8771
        5.16 6.3414 5.8792
        5.17 6.3499 5.8813
        5.18 6.3584 5.8834
        5.19 6.3669 5.8854
        5.20 6.3754 5.8874
        5.21 6.3838 5.8895
        5.22 6.3923 5.8915
        5.23 6.4007 5.8934
        5.24 6.4092 5.8954
        5.25 6.4176 5.8974
        5.26 6.4260 5.8993
        5.27 6.4344 5.9013
        5.28 6.4428 5.9032
        5.29 6.4512 5.9051
        5.30 6.4595 5.9070
        5.31 6.4679 5.9089
        5.32 6.4762 5.9108
        5.33 6.4845 5.9126
        5.34 6.4929 5.9145
        5.35 6.5012 5.9163
        5.36 6.5095 5.9182
        5.37 6.5178 5.9200
        5.38 6.5260 5.9218
        5.39 6.5343 5.9236
        5.40 6.5426 5.9254
        5.41 6.5508 5.9271
        5.42 6.5590 5.9289
        5.43 6.5673 5.9306
        5.44 6.5755 5.9324
        5.45 6.5837 5.9341
        5.46 6.5919 5.9358
        5.47 6.6000 5.9375
        5.48 6.6082 5.9392
        5.49 6.6163 5.9409
        5.50 6.6245 5.9425
        5.51 6.6326 5.9442
        5.52 6.6407 5.9459
        5.53 6.6488 5.9475
        5.54 6.6569 5.9492
        5.55 6.6649 5.9508
        5.56 6.6730 5.9525
        5.57 6.6810 5.9541
        5.58 6.6890 5.9557
        5.59 6.6970 5.9574
        5.60 6.7050 5.9590
        5.61 6.7130 5.9607
        5.62 6.7209 5.9623
        5.63 6.7288 5.9639
        5.64 6.7367 5.9656
        5.65 6.7446 5.9672
        5.66 6.7525 5.9689
        5.67 6.7603 5.9705
        5.68 6.7681 5.9722
        5.69 6.7759 5.9738
        5.70 6.7837 5.9755
        5.71 6.7915 5.9772
        5.72 6.7992 5.9789
        5.73 6.8069 5.9806
        5.74 6.8146 5.9823
        5.75 6.8223 5.9840
        5.76 6.8300 5.9857
        5.77 6.8376 5.9874
        5.78 6.8452 5.9891
        5.79 6.8528 5.9908
        5.80 6.8604 5.9925
        5.81 6.8680 5.9942
        5.82 6.8756 5.9959
        5.83 6.8831 5.9975
        5.84 6.8907 5.9992
        5.85 6.8982 6.0009
        5.86 6.9058 6.0025
        5.87 6.9133 6.0042
        5.88 6.9208 6.0058
        5.89 6.9283 6.0074
        5.90 6.9358 6.0090
        5.91 6.9433 6.0106
        5.92 6.9508 6.0121
        5.93 6.9582 6.0137
        5.94 6.9657 6.0152
        5.95 6.9732 6.0167
        5.96 6.9807 6.0182
        5.97 6.9881 6.0197
        5.98 6.9956 6.0211
        5.99 7.0031 6.0225
        6.00 7.0106 6.0239
        6.01 7.0181 6.0252
        6.02 7.0256 6.0265
        6.03 7.0331 6.0278
        6.04 7.0406 6.0291
        6.05 7.0481 6.0303
        6.06 7.0556 6.0315
        6.07 7.0631 6.0326
        6.08 7.0706 6.0338
        6.09 7.0782 6.0349
        6.10 7.0857 6.0359
        6.11 7.0933 6.0369
        6.12 7.1008 6.0379
        6.13 7.1084 6.0388
        6.14 7.1159 6.0397
        6.15 7.1235 6.0406
        6.16 7.1311 6.0414
        6.17 7.1387 6.0422
        6.18 7.1463 6.0430
        6.19 7.1539 6.0437
        6.20 7.1615 6.0443
        6.21 7.1691 6.0450
        6.22 7.1767 6.0455
        6.23 7.1843 6.0461
        6.24 7.1919 6.0466
        6.25 7.1995 6.0471
        6.26 7.2072 6.0475
        6.27 7.2148 6.0479
        6.28 7.2225 6.0483
        6.29 7.2301 6.0486
        6.30 7.2378 6.0489
        6.31 7.2454 6.0492
        6.32 7.2531 6.0494
        6.33 7.2608 6.0496
        6.34 7.2684 6.0498
        6.35 7.2761 6.0500
        6.36 7.2838 6.0501
        6.37 7.2915 6.0503
        6.38 7.2992 6.0504
        6.39 7.3069 6.0505
        6.40 7.3145 6.0506
        6.41 7.3222 6.0507
        6.42 7.3299 6.0507
        6.43 7.3376 6.0508
        6.44 7.3452 6.0508
        6.45 7.3529 6.0508
        6.46 7.3605 6.0508
        6.47 7.3682 6.0509
        6.48 7.3758 6.0509
        6.49 7.3834 6.0509
        6.50 7.3911 6.0509
        6.51 7.3986 6.0509
        6.52 7.4062 6.0509
        6.53 7.4138 6.0509
        6.54 7.4213 6.0509
        6.55 7.4289 6.0508
        6.56 7.4364 6.0508
        6.57 7.4439 6.0508
        6.58 7.4514 6.0507
        6.59 7.4588 6.0507
        6.60 7.4662 6.0506
        6.61 7.4737 6.0505
        6.62 7.4810 6.0504
        6.63 7.4884 6.0502
        6.64 7.4957 6.0500
        6.65 7.5031 6.0498
        6.66 7.5103 6.0495
        6.67 7.5176 6.0492
        6.68 7.5248 6.0489
        6.69 7.5320 6.0485
        6.70 7.5392 6.0481
        6.71 7.5463 6.0476
        6.72 7.5534 6.0471
        6.73 7.5605 6.0465
        6.74 7.5675 6.0459
        6.75 7.5745 6.0452
        6.76 7.5814 6.0444
        6.77 7.5884 6.0437
        6.78 7.5953 6.0428
        6.79 7.6021 6.0419
        6.80 7.6090 6.0409
        6.81 7.6157 6.0399
        6.82 7.6225 6.0389
        6.83 7.6292 6.0378
        6.84 7.6359 6.0366
        6.85 7.6426 6.0354
        6.86 7.6492 6.0342
        6.87 7.6557 6.0330
        6.88 7.6623 6.0317
        6.89 7.6688 6.0304
        6.90 7.6752 6.0291
        6.91 7.6816 6.0278
        6.92 7.6880 6.0264
        6.93 7.6943 6.0250
        6.94 7.7006 6.0236
        6.95 7.7069 6.0222
        6.96 7.7130 6.0208
        6.97 7.7192 6.0194
        6.98 7.7253 6.0180
        6.99 7.7313 6.0165
        7.00 7.7373 6.0151
        7.01 7.7432 6.0137
        7.02 7.7491 6.0123
        7.03 7.7549 6.0109
        7.04 7.7606 6.0095
        7.05 7.7663 6.0081
        7.06 7.7719 6.0068
        7.07 7.7775 6.0054
        7.08 7.7829 6.0041
        7.09 7.7883 6.0027
        7.10 7.7936 6.0014
        7.11 7.7989 6.0001
        7.12 7.8041 5.9988
        7.13 7.8092 5.9975
        7.14 7.8143 5.9961
        7.15 7.8193 5.9948
        7.16 7.8242 5.9934
        7.17 7.8291 5.9921
        7.18 7.8339 5.9907
        7.19 7.8387 5.9893
        7.20 7.8435 5.9878
        7.21 7.8482 5.9864
        7.22 7.8529 5.9849
        7.23 7.8576 5.9834
        7.24 7.8622 5.9818
        7.25 7.8669 5.9802
        7.26 7.8715 5.9786
        7.27 7.8762 5.9769
        7.28 7.8809 5.9752
        7.29 7.8856 5.9734
        7.30 7.8903 5.9717
        7.31 7.8952 5.9698
        7.32 7.9000 5.9679
        7.33 7.9050 5.9660
        7.34 7.9100 5.9641
        7.35 7.9150 5.9621
        7.36 7.9201 5.9602
        7.37 7.9252 5.9582
        7.38 7.9303 5.9561
        7.39 7.9354 5.9541
        7.40 7.9406 5.9520
        7.41 7.9457 5.9500
        7.42 7.9507 5.9479
        7.43 7.9558 5.9459
        7.44 7.9608 5.9438
        7.45 7.9657 5.9417
        7.46 7.9705 5.9396
        7.47 7.9753 5.9376
        7.48 7.9800 5.9355
        7.49 7.9847 5.9335
        7.50 7.9892 5.9314
        7.51 7.9937 5.9294
        7.52 7.9981 5.9274
        7.53 8.0024 5.9255
        7.54 8.0066 5.9235
        7.55 8.0107 5.9216
        7.56 8.0147 5.9197
        7.57 8.0187 5.9179
        7.58 8.0226 5.9160
        7.59 8.0264 5.9143
        7.60 8.0302 5.9126
        7.61 8.0339 5.9109
        7.62 8.0375 5.9092
        7.63 8.0412 5.9076
        7.64 8.0447 5.9061
        7.65 8.0483 5.9045
        7.66 8.0518 5.9030
        7.67 8.0552 5.9015
        7.68 8.0586 5.9000
        7.69 8.0620 5.8985
        7.70 8.0654 5.8971
        7.71 8.0687 5.8956
        7.72 8.0720 5.8941
        7.73 8.0753 5.8926
        7.74 8.0786 5.8911
        7.75 8.0818 5.8896
        7.76 8.0850 5.8881
        7.77 8.0882 5.8865
        7.78 8.0913 5.8849
        7.79 8.0944 5.8833
        7.80 8.0976 5.8816
        7.81 8.1007 5.8799
        7.82 8.1037 5.8781
        7.83 8.1068 5.8763
        7.84 8.1099 5.8745
        7.85 8.1129 5.8726
        7.86 8.1159 5.8707
        7.87 8.1189 5.8688
        7.88 8.1219 5.8669
        7.89 8.1249 5.8650
        7.90 8.1278 5.8630
        7.91 8.1307 5.8610
        7.92 8.1336 5.8590
        7.93 8.1365 5.8570
        7.94 8.1394 5.8550
        7.95 8.1423 5.8530
        7.96 8.1451 5.8510
        7.97 8.1479 5.8489
        7.98 8.1507 5.8469
        7.99 8.1534 5.8449
        8.00 8.1561 5.8429
        8.01 8.1588 5.8408
        8.02 8.1615 5.8388
        8.03 8.1642 5.8368
        8.04 8.1668 5.8348
        8.05 8.1694 5.8328
        8.06 8.1720 5.8308
        8.07 8.1745 5.8288
        8.08 8.1770 5.8269
        8.09 8.1795 5.8250
        8.10 8.1820 5.8230
        8.11 8.1844 5.8211
        8.12 8.1868 5.8193
        8.13 8.1892 5.8174
        8.14 8.1916 5.8156
        8.15 8.1939 5.8138
        8.16 8.1961 5.8120
        8.17 8.1984 5.8103
        8.18 8.2006 5.8086
        8.19 8.2028 5.8069
        8.20 8.2049 5.8053
        8.21 8.2070 5.8037
        8.22 8.2091 5.8021
        8.23 8.2111 5.8006
        8.24 8.2131 5.7991
        8.25 8.2150 5.7976
        8.26 8.2169 5.7962
        8.27 8.2188 5.7948
        8.28 8.2206 5.7935
        8.29 8.2224 5.7922
        8.30 8.2241 5.7909
        8.31 8.2257 5.7897
        8.32 8.2273 5.7885
        8.33 8.2288 5.7874
        8.34 8.2303 5.7863
        8.35 8.2317 5.7852
        8.36 8.2331 5.7842
        8.37 8.2344 5.7832
        8.38 8.2357 5.7822
        8.39 8.2369 5.7813
        8.40 8.2380 5.7804
        8.41 8.2391 5.7795
        8.42 8.2401 5.7786
        8.43 8.2411 5.7778
        8.44 8.2420 5.7770
        8.45 8.2429 5.7762
        8.46 8.2438 5.7754
        8.47 8.2446 5.7746
        8.48 8.2453 5.7739
        8.49 8.2461 5.7731
        8.50 8.2468 5.7724
        8.51 8.2475 5.7717
        8.52 8.2481 5.7710
        8.53 8.2487 5.7703
        8.54 8.2493 5.7696
        8.55 8.2499 5.7689
        8.56 8.2504 5.7682
        8.57 8.2510 5.7675
        8.58 8.2515 5.7668
        8.59 8.2520 5.7661
        8.60 8.2524 5.7654
        8.61 8.2529 5.7647
        8.62 8.2533 5.7639
        8.63 8.2538 5.7632
        8.64 8.2542 5.7625
        8.65 8.2546 5.7617
        8.66 8.2550 5.7610
        8.67 8.2553 5.7602
        8.68 8.2557 5.7595
        8.69 8.2561 5.7587
        8.70 8.2564 5.7579
        8.71 8.2567 5.7572
        8.72 8.2571 5.7565
        8.73 8.2574 5.7557
        8.74 8.2577 5.7550
        8.75 8.2580 5.7544
        8.76 8.2583 5.7537
        8.77 8.2585 5.7531
        8.78 8.2588 5.7525
        8.79 8.2591 5.7519
        8.80 8.2593 5.7514
        8.81 8.2595 5.7508
        8.82 8.2598 5.7504
        8.83 8.2600 5.7499
        8.84 8.2602 5.7495
        8.85 8.2604 5.7492
        8.86 8.2606 5.7489
        8.87 8.2608 5.7486
        8.88 8.2610 5.7483
        8.89 8.2611 5.7481
        8.90 8.2613 5.7479
        8.91 8.2614 5.7478
        8.92 8.2615 5.7476
        8.93 8.2616 5.7475
        8.94 8.2617 5.7475
        8.95 8.2618 5.7474
        8.96 8.2619 5.7474
        8.97 8.2619 5.7474
        8.98 8.2620 5.7474
        8.99 8.2620 5.7475
        9.00 8.2620 5.7475
        9.01 8.2620 5.7476
        9.02 8.2619 5.7478
        9.03 8.2619 5.7479
        9.04 8.2618 5.7481
        9.05 8.2617 5.7483
        9.06 8.2616 5.7485
        9.07 8.2615 5.7487
        9.08 8.2614 5.7490
        9.09 8.2612 5.7493
        9.10 8.2610 5.7497
        9.11 8.2608 5.7500
        9.12 8.2606 5.7504
        9.13 8.2603 5.7508
        9.14 8.2600 5.7513
        9.15 8.2597 5.7518
        9.16 8.2594 5.7524
        9.17 8.2590 5.7530
        9.18 8.2586 5.7536
        9.19 8.2582 5.7543
        9.20 8.2577 5.7550
        9.21 8.2572 5.7558
        9.22 8.2567 5.7567
        9.23 8.2561 5.7575
        9.24 8.2555 5.7585
        9.25 8.2548 5.7595
        9.26 8.2541 5.7605
        9.27 8.2534 5.7615
        9.28 8.2526 5.7626
        9.29 8.2517 5.7638
        9.30 8.2508 5.7649
        9.31 8.2499 5.7661
        9.32 8.2488 5.7672
        9.33 8.2477 5.7684
        9.34 8.2466 5.7696
        9.35 8.2453 5.7708
        9.36 8.2440 5.7720
        9.37 8.2426 5.7731
        9.38 8.2411 5.7743
        9.39 8.2396 5.7754
        9.40 8.2380 5.7766
        9.41 8.2362 5.7777
        9.42 8.2345 5.7788
        9.43 8.2326 5.7799
        9.44 8.2308 5.7810
        9.45 8.2288 5.7821
        9.46 8.2268 5.7832
        9.47 8.2248 5.7843
        9.48 8.2228 5.7854
        9.49 8.2207 5.7865
        9.50 8.2187 5.7877
        9.51 8.2166 5.7888
        9.52 8.2145 5.7899
        9.53 8.2124 5.7911
        9.54 8.2104 5.7923
        9.55 8.2083 5.7935
        9.56 8.2063 5.7947
        9.57 8.2043 5.7959
        9.58 8.2023 5.7972
        9.59 8.2004 5.7985
        9.60 8.1984 5.7998
        9.61 8.1966 5.8011
        9.62 8.1947 5.8025
        9.63 8.1928 5.8039
        9.64 8.1910 5.8054
        9.65 8.1892 5.8069
        9.66 8.1874 5.8084
        9.67 8.1856 5.8100
        9.68 8.1839 5.8117
        9.69 8.1821 5.8134
        9.70 8.1804 5.8152
        9.71 8.1786 5.8171
        9.72 8.1769 5.8190
        9.73 8.1752 5.8211
        9.74 8.1735 5.8232
        9.75 8.1718 5.8254
        9.76 8.1701 5.8277
        9.77 8.1684 5.8301
        9.78 8.1667 5.8326
        9.79 8.1650 5.8352
        9.80 8.1633 5.8378
        9.81 8.1616 5.8406
        9.82 8.1599 5.8435
        9.83 8.1582 5.8464
        9.84 8.1565 5.8494
        9.85 8.1549 5.8525
        9.86 8.1532 5.8556
        9.87 8.1515 5.8588
        9.88 8.1498 5.8621
        9.89 8.1481 5.8654
        9.90 8.1464 5.8687
        9.91 8.1447 5.8721
        9.92 8.1430 5.8754
        9.93 8.1413 5.8789
        9.94 8.1396 5.8823
        9.95 8.1379 5.8857
        9.96 8.1362 5.8892
        9.97 8.1345 5.8926
        9.98 8.1328 5.8961
        9.99 8.1311 5.8996
        10.00 8.1294 5.9031
        10.01 8.1276 5.9066
        10.02 8.1259 5.9101
        10.03 8.1242 5.9137
        10.04 8.1225 5.9172
        10.05 8.1207 5.9208
        10.06 8.1190 5.9244
        10.07 8.1173 5.9280
        10.08 8.1156 5.9317
        10.09 8.1139 5.9353
        10.10 8.1122 5.9390
        10.11 8.1104 5.9428
        10.12 8.1087 5.9465
        10.13 8.1070 5.9503
        10.14 8.1053 5.9541
        10.15 8.1036 5.9579
        10.16 8.1019 5.9618
        10.17 8.1003 5.9657
        10.18 8.0986 5.9697
        10.19 8.0969 5.9737
        10.20 8.0952 5.9778
        10.21 8.0936 5.9820
        10.22 8.0919 5.9862
        10.23 8.0903 5.9905
        10.24 8.0887 5.9950
        10.25 8.0871 5.9995
        10.26 8.0855 6.0042
        10.27 8.0839 6.0090
        10.28 8.0823 6.0140
        10.29 8.0807 6.0191
        10.30 8.0792 6.0244
        10.31 8.0777 6.0299
        10.32 8.0762 6.0356
        10.33 8.0747 6.0414
        10.34 8.0732 6.0475
        10.35 8.0718 6.0536
        10.36 8.0704 6.0598
        10.37 8.0690 6.0662
        10.38 8.0677 6.0725
        10.39 8.0664 6.0789
        10.40 8.0652 6.0853
        10.41 8.0640 6.0917
        10.42 8.0628 6.0980
        10.43 8.0617 6.1043
        10.44 8.0606 6.1105
        10.45 8.0596 6.1167
        10.46 8.0587 6.1229
        10.47 8.0578 6.1291
        10.48 8.0569 6.1353
        10.49 8.0561 6.1414
        10.50 8.0554 6.1476
        10.51 8.0547 6.1537
        10.52 8.0540 6.1599
        10.53 8.0534 6.1660
        10.54 8.0529 6.1722
        10.55 8.0523 6.1784
        10.56 8.0519 6.1846
        10.57 8.0514 6.1908
        10.58 8.0509 6.1970
        10.59 8.0505 6.2032
        10.60 8.0500 6.2095
        10.61 8.0496 6.2158
        10.62 8.0492 6.2222
        10.63 8.0487 6.2286
        10.64 8.0483 6.2350
        10.65 8.0479 6.2415
        10.66 8.0475 6.2481
        10.67 8.0471 6.2548
        10.68 8.0468 6.2615
        10.69 8.0464 6.2683
        10.70 8.0461 6.2751
        10.71 8.0458 6.2821
        10.72 8.0456 6.2890
        10.73 8.0454 6.2960
        10.74 8.0452 6.3031
        10.75 8.0451 6.3101
        10.76 8.0450 6.3172
        10.77 8.0449 6.3242
        10.78 8.0449 6.3312
        10.79 8.0450 6.3382
        10.80 8.0450 6.3451
        10.81 8.0452 6.3520
        10.82 8.0454 6.3589
        10.83 8.0456 6.3657
        10.84 8.0459 6.3724
        10.85 8.0462 6.3791
        10.86 8.0467 6.3858
        10.87 8.0471 6.3925
        10.88 8.0477 6.3991
        10.89 8.0483 6.4057
        10.90 8.0489 6.4124
        10.91 8.0497 6.4190
        10.92 8.0505 6.4256
        10.93 8.0513 6.4323
        10.94 8.0522 6.4389
        10.95 8.0532 6.4456
        10.96 8.0543 6.4523
        10.97 8.0554 6.4590
        10.98 8.0566 6.4658
        10.99 8.0579 6.4726
        11.00 8.0592 6.4794
        11.01 8.0606 6.4863
        11.02 8.0620 6.4933
        11.03 8.0635 6.5004
        11.04 8.0651 6.5076
        11.05 8.0668 6.5149
        11.06 8.0685 6.5224
        11.07 8.0703 6.5301
        11.08 8.0722 6.5380
        11.09 8.0741 6.5461
        11.10 8.0761 6.5544
        11.11 8.0782 6.5630
        11.12 8.0804 6.5718
        11.13 8.0827 6.5808
        11.14 8.0850 6.5899
        11.15 8.0874 6.5990
        11.16 8.0899 6.6080
        11.17 8.0925 6.6170
        11.18 8.0951 6.6258
        11.19 8.0979 6.6344
        11.20 8.1007 6.6428
        11.21 8.1036 6.6511
        11.22 8.1066 6.6592
        11.23 8.1097 6.6673
        11.24 8.1129 6.6752
        11.25 8.1161 6.6831
        11.26 8.1194 6.6910
        11.27 8.1228 6.6987
        11.28 8.1262 6.7065
        11.29 8.1297 6.7142
        11.30 8.1332 6.7218
        11.31 8.1368 6.7295
        11.32 8.1404 6.7371
        11.33 8.1441 6.7447
        11.34 8.1478 6.7523
        11.35 8.1515 6.7599
        11.36 8.1553 6.7675
        11.37 8.1591 6.7751
        11.38 8.1629 6.7827
        11.39 8.1667 6.7903
        11.40 8.1706 6.7979
        11.41 8.1744 6.8056
        11.42 8.1783 6.8132
        11.43 8.1821 6.8208
        11.44 8.1859 6.8284
        11.45 8.1898 6.8359
        11.46 8.1936 6.8434
        11.47 8.1974 6.8508
        11.48 8.2012 6.8582
        11.49 8.2050 6.8656
        11.50 8.2088 6.8728
        11.51 8.2126 6.8800
        11.52 8.2165 6.8872
        11.53 8.2204 6.8943
        11.54 8.2243 6.9013
        11.55 8.2282 6.9082
        11.56 8.2322 6.9151
        11.57 8.2363 6.9220
        11.58 8.2403 6.9287
        11.59 8.2445 6.9355
        11.60 8.2487 6.9423
        11.61 8.2530 6.9490
        11.62 8.2573 6.9557
        11.63 8.2617 6.9624
        11.64 8.2662 6.9691
        11.65 8.2708 6.9758
        11.66 8.2754 6.9825
        11.67 8.2801 6.9892
        11.68 8.2850 6.9959
        11.69 8.2899 7.0027
        11.70 8.2949 7.0094
        11.71 8.2999 7.0163
        11.72 8.3051 7.0231
        11.73 8.3104 7.0301
        11.74 8.3158 7.0371
        11.75 8.3212 7.0442
        11.76 8.3268 7.0514
        11.77 8.3324 7.0588
        11.78 8.3381 7.0664
        11.79 8.3438 7.0740
        11.80 8.3496 7.0817
        11.81 8.3555 7.0894
        11.82 8.3614 7.0971
        11.83 8.3674 7.1046
        11.84 8.3734 7.1119
        11.85 8.3795 7.1190
        11.86 8.3856 7.1258
        11.87 8.3918 7.1324
        11.88 8.3980 7.1388
        11.89 8.4042 7.1449
        11.90 8.4105 7.1509
        11.91 8.4168 7.1566
        11.92 8.4231 7.1623
        11.93 8.4295 7.1678
        11.94 8.4359 7.1732
        11.95 8.4422 7.1786
        11.96 8.4487 7.1839
        11.97 8.4551 7.1891
        11.98 8.4615 7.1943
        11.99 8.4679 7.1994
        12.00 8.4743 7.2045
        12.01 8.4808 7.2095
        12.02 8.4871 7.2145
        12.03 8.4935 7.2195
        12.04 8.4999 7.2244
        12.05 8.5062 7.2294
        12.06 8.5125 7.2343
        12.07 8.5188 7.2391
        12.08 8.5251 7.2440
        12.09 8.5314 7.2489
        12.10 8.5377 7.2537
        12.11 8.5441 7.2585
        12.12 8.5504 7.2633
        12.13 8.5569 7.2681
        12.14 8.5633 7.2729
        12.15 8.5698 7.2777
        12.16 8.5764 7.2825
        12.17 8.5830 7.2873
        12.18 8.5897 7.2921
        12.19 8.5964 7.2969
        12.20 8.6032 7.3017
        12.21 8.6100 7.3064
        12.22 8.6169 7.3112
        12.23 8.6237 7.3159
        12.24 8.6306 7.3206
        12.25 8.6376 7.3252
        12.26 8.6445 7.3299
        12.27 8.6515 7.3345
        12.28 8.6585 7.3390
        12.29 8.6655 7.3436
        12.30 8.6725 7.3480
        12.31 8.6795 7.3524
        12.32 8.6865 7.3568
        12.33 8.6935 7.3611
        12.34 8.7005 7.3654
        12.35 8.7075 7.3696
        12.36 8.7145 7.3738
        12.37 8.7215 7.3779
        12.38 8.7285 7.3819
        12.39 8.7355 7.3859
        12.40 8.7425 7.3899
        12.41 8.7495 7.3938
        12.42 8.7565 7.3977
        12.43 8.7635 7.4016
        12.44 8.7705 7.4053
        12.45 8.7774 7.4091
        12.46 8.7844 7.4128
        12.47 8.7913 7.4165
        12.48 8.7983 7.4201
        12.49 8.8052 7.4237
        12.50 8.8121 7.4272
        12.51 8.8190 7.4308
        12.52 8.8259 7.4342
        12.53 8.8327 7.4376
        12.54 8.8396 7.4410
        12.55 8.8464 7.4444
        12.56 8.8533 7.4477
        12.57 8.8601 7.4509
        12.58 8.8669 7.4541
        12.59 8.8736 7.4573
        12.60 8.8804 7.4604
        12.61 8.8872 7.4634
        12.62 8.8939 7.4665
        12.63 8.9006 7.4694
        12.64 8.9074 7.4723
        12.65 8.9141 7.4752
        12.66 8.9207 7.4780
        12.67 8.9274 7.4807
        12.68 8.9341 7.4834
        12.69 8.9407 7.4860
        12.70 8.9474 7.4885
        12.71 8.9540 7.4910
        12.72 8.9606 7.4935
        12.73 8.9672 7.4959
        12.74 8.9738 7.4982
        12.75 8.9803 7.5005
        12.76 8.9869 7.5028
        12.77 8.9934 7.5050
        12.78 9.0000 7.5071
        12.79 9.0065 7.5092
        12.80 9.0130 7.5113
        12.81 9.0195 7.5133
        12.82 9.0259 7.5153
        12.83 9.0324 7.5173
        12.84 9.0389 7.5192
        12.85 9.0453 7.5210
        12.86 9.0517 7.5229
        12.87 9.0581 7.5247
        12.88 9.0645 7.5265
        12.89 9.0709 7.5283
        12.90 9.0773 7.5300
        12.91 9.0837 7.5317
        12.92 9.0900 7.5334
        12.93 9.0963 7.5351
        12.94 9.1027 7.5368
        12.95 9.1090 7.5384
        12.96 9.1153 7.5401
        12.97 9.1215 7.5417
        12.98 9.1278 7.5433
        12.99 9.1341 7.5448
        13.00 9.1403 7.5463
        13.01 9.1466 7.5478
        13.02 9.1528 7.5492
        13.03 9.1590 7.5506
        13.04 9.1652 7.5520
        13.05 9.1714 7.5533
        13.06 9.1775 7.5545
        13.07 9.1837 7.5557
        13.08 9.1898 7.5569
        13.09 9.1959 7.5579
        13.10 9.2021 7.5589
        13.11 9.2082 7.5599
        13.12 9.2142 7.5608
        13.13 9.2203 7.5616
        13.14 9.2264 7.5623
        13.15 9.2324 7.5630
        13.16 9.2384 7.5635
        13.17 9.2445 7.5640
        13.18 9.2504 7.5644
        13.19 9.2564 7.5648
        13.20 9.2624 7.5650
        13.21 9.2683 7.5652
        13.22 9.2743 7.5653
        13.23 9.2802 7.5654
        13.24 9.2861 7.5654
        13.25 9.2919 7.5653
        13.26 9.2978 7.5653
        13.27 9.3036 7.5652
        13.28 9.3094 7.5650
        13.29 9.3152 7.5649
        13.30 9.3209 7.5647
        13.31 9.3267 7.5645
        13.32 9.3324 7.5643
        13.33 9.3380 7.5641
        13.34 9.3437 7.5639
        13.35 9.3493 7.5637
        13.36 9.3548 7.5636
        13.37 9.3604 7.5634
        13.38 9.3659 7.5633
        13.39 9.3713 7.5632
        13.40 9.3768 7.5632
        13.41 9.3821 7.5632
        13.42 9.3875 7.5632
        13.43 9.3928 7.5633
        13.44 9.3980 7.5634
        13.45 9.4032 7.5636
        13.46 9.4083 7.5639
        13.47 9.4134 7.5642
        13.48 9.4185 7.5645
        13.49 9.4234 7.5649
        13.50 9.4284 7.5653
        13.51 9.4332 7.5657
        13.52 9.4381 7.5661
        13.53 9.4428 7.5666
        13.54 9.4475 7.5671
        13.55 9.4522 7.5675
        13.56 9.4568 7.5680
        13.57 9.4613 7.5685
        13.58 9.4658 7.5689
        13.59 9.4703 7.5694
        13.60 9.4747 7.5698
        13.61 9.4790 7.5702
        13.62 9.4834 7.5706
        13.63 9.4877 7.5709
        13.64 9.4919 7.5712
        13.65 9.4961 7.5714
        13.66 9.5003 7.5716
        13.67 9.5045 7.5718
        13.68 9.5087 7.5719
        13.69 9.5128 7.5719
        13.70 9.5169 7.5719
        13.71 9.5210 7.5718
        13.72 9.5251 7.5716
        13.73 9.5291 7.5714
        13.74 9.5332 7.5710
        13.75 9.5372 7.5707
        13.76 9.5413 7.5702
        13.77 9.5453 7.5697
        13.78 9.5493 7.5692
        13.79 9.5533 7.5687
        13.80 9.5573 7.5681
        13.81 9.5613 7.5674
        13.82 9.5652 7.5668
        13.83 9.5692 7.5661
        13.84 9.5731 7.5654
        13.85 9.5770 7.5647
        13.86 9.5809 7.5640
        13.87 9.5847 7.5633
        13.88 9.5886 7.5626
        13.89 9.5924 7.5620
        13.90 9.5962 7.5613
        13.91 9.6000 7.5607
        13.92 9.6038 7.5600
        13.93 9.6075 7.5595
        13.94 9.6112 7.5589
        13.95 9.6149 7.5584
        13.96 9.6185 7.5579
        13.97 9.6221 7.5575
        13.98 9.6257 7.5572
        13.99 9.6293 7.5569
        14.00 9.6328 7.5566
        14.01 9.6363 7.5565
        14.02 9.6397 7.5563
        14.03 9.6431 7.5563
        14.04 9.6465 7.5562
        14.05 9.6498 7.5563
        14.06 9.6531 7.5563
        14.07 9.6563 7.5565
        14.08 9.6595 7.5566
        14.09 9.6626 7.5568
        14.10 9.6657 7.5570
        14.11 9.6687 7.5573
        14.12 9.6716 7.5575
        14.13 9.6745 7.5578
        14.14 9.6773 7.5581
        14.15 9.6801 7.5585
        14.16 9.6828 7.5588
        14.17 9.6855 7.5592
        14.18 9.6882 7.5595
        14.19 9.6908 7.5599
        14.20 9.6933 7.5603
        14.21 9.6958 7.5607
        14.22 9.6982 7.5610
        14.23 9.7007 7.5614
        14.24 9.7030 7.5617
        14.25 9.7054 7.5620
        14.26 9.7077 7.5623
        14.27 9.7100 7.5626
        14.28 9.7122 7.5628
        14.29 9.7144 7.5630
        14.30 9.7166 7.5631
        14.31 9.7188 7.5632
        14.32 9.7210 7.5633
        14.33 9.7232 7.5633
        14.34 9.7253 7.5633
        14.35 9.7275 7.5633
        14.36 9.7296 7.5633
        14.37 9.7318 7.5632
        14.38 9.7339 7.5632
        14.39 9.7361 7.5631
        14.40 9.7383 7.5630
        14.41 9.7405 7.5629
        14.42 9.7427 7.5628
        14.43 9.7449 7.5627
        14.44 9.7470 7.5626
        14.45 9.7492 7.5626
        14.46 9.7514 7.5625
        14.47 9.7536 7.5625
        14.48 9.7558 7.5624
        14.49 9.7579 7.5624
        14.50 9.7601 7.5624
        14.51 9.7622 7.5624
        14.52 9.7643 7.5625
        14.53 9.7664 7.5625
        14.54 9.7685 7.5626
        14.55 9.7706 7.5627
        14.56 9.7726 7.5628
        14.57 9.7746 7.5629
        14.58 9.7766 7.5630
        14.59 9.7786 7.5631
        14.60 9.7805 7.5633
        14.61 9.7824 7.5634
        14.62 9.7843 7.5636
        14.63 9.7861 7.5638
        14.64 9.7879 7.5640
        14.65 9.7897 7.5642
        14.66 9.7915 7.5644
        14.67 9.7932 7.5646
        14.68 9.7949 7.5648
        14.69 9.7966 7.5651
        14.70 9.7982 7.5654
        14.71 9.7998 7.5656
        14.72 9.8014 7.5659
        14.73 9.8030 7.5662
        14.74 9.8045 7.5665
        14.75 9.8061 7.5669
        14.76 9.8076 7.5672
        14.77 9.8091 7.5676
        14.78 9.8106 7.5680
        14.79 9.8121 7.5684
        14.80 9.8135 7.5688
        14.81 9.8150 7.5692
        14.82 9.8164 7.5697
        14.83 9.8178 7.5702
        14.84 9.8193 7.5707
        14.85 9.8207 7.5712
        14.86 9.8221 7.5717
        14.87 9.8235 7.5723
        14.88 9.8249 7.5729
        14.89 9.8263 7.5735
        14.90 9.8277 7.5741
        14.91 9.8291 7.5748
        14.92 9.8305 7.5755
        14.93 9.8320 7.5762
        14.94 9.8334 7.5769
        14.95 9.8348 7.5777
        14.96 9.8362 7.5785
        14.97 9.8376 7.5793
        14.98 9.8391 7.5801
        14.99 9.8405 7.5810
        15.00 9.8419 7.5818
        15.01 9.8434 7.5827
        15.02 9.8449 7.5836
        15.03 9.8463 7.5845
        15.04 9.8478 7.5854
        15.05 9.8493 7.5864
        15.06 9.8508 7.5873
        15.07 9.8523 7.5883
        15.08 9.8538 7.5893
        15.09 9.8553 7.5902
        15.10 9.8568 7.5913
        15.11 9.8583 7.5923
        15.12 9.8599 7.5933
        15.13 9.8614 7.5943
        15.14 9.8629 7.5954
        15.15 9.8643 7.5964
        15.16 9.8658 7.5975
        15.17 9.8673 7.5986
        15.18 9.8688 7.5997
        15.19 9.8702 7.6008
        15.20 9.8717 7.6019
        15.21 9.8731 7.6031
        15.22 9.8745 7.6042
        15.23 9.8759 7.6054
        15.24 9.8773 7.6066
        15.25 9.8786 7.6078
        15.26 9.8800 7.6090
        15.27 9.8813 7.6102
        15.28 9.8826 7.6114
        15.29 9.8839 7.6127
        15.30 9.8851 7.6140
        15.31 9.8863 7.6153
        15.32 9.8875 7.6166
        15.33 9.8887 7.6180
        15.34 9.8899 7.6193
        15.35 9.8910 7.6207
        15.36 9.8921 7.6222
        15.37 9.8931 7.6236
        15.38 9.8942 7.6251
        15.39 9.8952 7.6266
        15.40 9.8961 7.6282
        15.41 9.8971 7.6297
        15.42 9.8981 7.6313
        15.43 9.8990 7.6330
        15.44 9.8999 7.6346
        15.45 9.9008 7.6363
        15.46 9.9017 7.6380
        15.47 9.9026 7.6397
        15.48 9.9034 7.6414
        15.49 9.9043 7.6431
        15.50 9.9052 7.6448
        15.51 9.9060 7.6466
        15.52 9.9069 7.6483
        15.53 9.9077 7.6501
        15.54 9.9086 7.6518
        15.55 9.9094 7.6536
        15.56 9.9103 7.6553
        15.57 9.9112 7.6571
        15.58 9.9121 7.6588
        15.59 9.9130 7.6605
        15.60 9.9139 7.6622
        15.61 9.9148 7.6640
        15.62 9.9157 7.6657
        15.63 9.9167 7.6674
        15.64 9.9176 7.6691
        15.65 9.9186 7.6708
        15.66 9.9196 7.6725
        15.67 9.9207 7.6742
        15.68 9.9217 7.6759
        15.69 9.9228 7.6776
        15.70 9.9239 7.6793
        15.71 9.9250 7.6809
        15.72 9.9262 7.6826
        15.73 9.9274 7.6843
        15.74 9.9287 7.6860
        15.75 9.9299 7.6877
        15.76 9.9312 7.6894
        15.77 9.9325 7.6911
        15.78 9.9339 7.6927
        15.79 9.9353 7.6944
        15.80 9.9367 7.6961
        15.81 9.9381 7.6978
        15.82 9.9396 7.6995
        15.83 9.9411 7.7011
        15.84 9.9426 7.7028
        15.85 9.9441 7.7045
        15.86 9.9456 7.7062
        15.87 9.9472 7.7079
        15.88 9.9487 7.7096
        15.89 9.9503 7.7113
        15.90 9.9519 7.7130
        15.91 9.9535 7.7147
        15.92 9.9551 7.7165
        15.93 9.9568 7.7183
        15.94 9.9584 7.7201
        15.95 9.9600 7.7219
        15.96 9.9617 7.7238
        15.97 9.9633 7.7257
        15.98 9.9650 7.7277
        15.99 9.9667 7.7297
        16.00 9.9683 7.7318
        16.01 9.9700 7.7339
        16.02 9.9716 7.7361
        16.03 9.9733 7.7384
        16.04 9.9749 7.7407
        16.05 9.9766 7.7431
        16.06 9.9782 7.7456
        16.07 9.9798 7.7481
        16.08 9.9814 7.7507
        16.09 9.9831 7.7534
        16.10 9.9847 7.7562
        16.11 9.9862 7.7590
        16.12 9.9878 7.7619
        16.13 9.9894 7.7649
        16.14 9.9909 7.7679
        16.15 9.9925 7.7709
        16.16 9.9940 7.7740
        16.17 9.9955 7.7771
        16.18 9.9970 7.7802
        16.19 9.9985 7.7834
        16.20 10.0000 7.7865
        16.21 10.0015 7.7896
        16.22 10.0030 7.7928
        16.23 10.0044 7.7959
        16.24 10.0059 7.7990
        16.25 10.0073 7.8021
        16.26 10.0088 7.8052
        16.27 10.0102 7.8082
        16.28 10.0116 7.8112
        16.29 10.0130 7.8142
        16.30 10.0144 7.8171
        16.31 10.0158 7.8200
        16.32 10.0172 7.8228
        16.33 10.0186 7.8255
        16.34 10.0200 7.8282
        16.35 10.0214 7.8308
        16.36 10.0227 7.8333
        16.37 10.0241 7.8357
        16.38 10.0255 7.8380
        16.39 10.0268 7.8402
        16.40 10.0282 7.8423
        16.41 10.0295 7.8444
        16.42 10.0309 7.8463
        16.43 10.0322 7.8482
        16.44 10.0335 7.8500
        16.45 10.0349 7.8518
        16.46 10.0362 7.8535
        16.47 10.0375 7.8552
        16.48 10.0388 7.8569
        16.49 10.0402 7.8585
        16.50 10.0415 7.8602
        16.51 10.0428 7.8619
        16.52 10.0441 7.8635
        16.53 10.0454 7.8653
        16.54 10.0467 7.8670
        16.55 10.0480 7.8688
        16.56 10.0493 7.8707
        16.57 10.0506 7.8726
        16.58 10.0519 7.8746
        16.59 10.0532 7.8766
        16.60 10.0546 7.8788
        16.61 10.0559 7.8811
        16.62 10.0572 7.8834
        16.63 10.0585 7.8859
        16.64 10.0598 7.8885
        16.65 10.0612 7.8911
        16.66 10.0625 7.8939
        16.67 10.0639 7.8968
        16.68 10.0652 7.8998
        16.69 10.0666 7.9028
        16.70 10.0679 7.9059
        16.71 10.0693 7.9091
        16.72 10.0707 7.9123
        16.73 10.0721 7.9156
        16.74 10.0735 7.9189
        16.75 10.0749 7.9223
        16.76 10.0763 7.9257
        16.77 10.0778 7.9291
        16.78 10.0792 7.9325
        16.79 10.0807 7.9360
        16.80 10.0822 7.9395
        16.81 10.0837 7.9429
        16.82 10.0852 7.9464
        16.83 10.0867 7.9499